-1.8700000000000045e+00	
1.0000000000000000e+00	
-1.3000000000000256e-01	
-2.5000000000000000e-01	
4.2500000000000071e+00	
-2.0000000000000000e+00	
2.1299999999999955e+00	
-5.0000000000000000e-01	
-1.2999999999999545e-01	
3.2500000000000000e+00	
-1.2000000000000455e-01	
-7.5000000000000000e-01	
3.7000000000000455e-01	
-6.2000000000000455e-01	
0.0000000000000000e+00	
2.2500000000000000e+00	
-6.2999999999999545e-01	
-5.0000000000000000e-01	
8.7999999999999545e-01	
-6.2999999999999545e-01	
0.0000000000000000e+00	
-1.7500000000000000e+00	
7.5000000000000000e-01	
-2.5000000000000000e-01	
5.0000000000000000e-01	
-1.2500000000000000e+00	
-1.2500000000000000e+00	
1.2999999999999545e-01	
-5.0000000000000000e-01	
2.1200000000000045e+00	
5.0000000000000000e-01	
-1.2500000000000000e+00	
-5.0000000000000000e-01	
0.0000000000000000e+00	
-6.2000000000000455e-01	
2.5000000000000000e-01	
-1.0000000000000000e+00	
-2.5000000000000000e-01	
-8.7999999999999545e-01	
-1.2000000000000455e-01	
-3.0000000000000000e+00	
1.3699999999999974e+00	
1.3000000000000256e-01	
-7.5000000000000000e-01	
5.0000000000000000e-01	
-1.2500000000000000e+00	
-8.8000000000000256e-01	
-1.1999999999999744e-01	
6.1999999999999744e-01	
6.3000000000000256e-01	
-8.8000000000000256e-01	
-1.2500000000000000e+00	
-2.5000000000000000e-01	
-7.5000000000000000e-01	
5.0000000000000000e-01	
-7.5000000000000000e-01	
-6.1999999999999744e-01	
-1.5000000000000000e+00	
-2.6300000000000026e+00	
6.3000000000000256e-01	
-1.7500000000000000e+00	
4.5000000000000000e+00	
-1.6300000000000026e+00	
-1.1999999999999744e-01	
-8.8000000000000256e-01	
6.3000000000000256e-01	
-6.3000000000000256e-01	
0.0000000000000000e+00	
-1.5000000000000000e+00	
1.3000000000000256e-01	
1.1199999999999974e+00	
-3.6999999999999744e-01	
-7.5000000000000000e-01	
-5.0000000000000000e-01	
-1.0000000000000000e+00	
-8.8000000000000256e-01	
1.3000000000000256e-01	
0.0000000000000000e+00	
0.0000000000000000e+00	
2.6199999999999974e+00	
-3.6999999999999744e-01	
2.5000000000000000e-01	
1.6199999999999974e+00	
-8.6999999999999744e-01	
3.6999999999999744e-01	
0.0000000000000000e+00	
-5.0000000000000000e-01	
-3.6999999999999744e-01	
1.3699999999999974e+00	
-5.0000000000000000e-01	
2.5000000000000000e-01	
-1.2500000000000000e+00	
-1.7500000000000000e+00	
1.3000000000000256e-01	
1.0000000000000000e+00	
-2.5000000000000000e-01	
-5.0000000000000000e-01	
5.0000000000000000e-01	
3.6999999999999744e-01	
-6.1999999999999744e-01	
1.1999999999999744e-01	
8.8000000000000256e-01	
1.0000000000000000e+00	
0.0000000000000000e+00	
5.0000000000000000e-01	
1.1199999999999974e+00	
-2.0000000000000000e+00	
1.0000000000000000e+00	
6.3000000000000256e-01	
3.6999999999999744e-01	
1.7500000000000000e+00	
-1.1199999999999974e+00	
1.1999999999999744e-01	
-3.6999999999999744e-01	
7.5000000000000000e-01	
5.0000000000000000e-01	
0.0000000000000000e+00	
8.6999999999999744e-01	
1.5000000000000000e+00	
-1.5000000000000000e+00	
7.5000000000000000e-01	
-1.7500000000000000e+00	
0.0000000000000000e+00	
1.0000000000000000e+00	
5.0000000000000000e-01	
3.8000000000000256e-01	
-5.0000000000000000e-01	
5.0000000000000000e-01	
-1.0000000000000000e+00	
7.5000000000000000e-01	
1.1199999999999974e+00	
5.0000000000000000e-01	
0.0000000000000000e+00	
8.8000000000000256e-01	
-2.5000000000000000e-01	
-2.5000000000000000e-01	
1.1999999999999744e-01	
1.1300000000000026e+00	
2.2500000000000000e+00	
-1.2500000000000000e+00	
5.0000000000000000e-01	
1.3700000000000045e+00	
-5.0000000000000000e-01	
8.7999999999999545e-01	
-8.7999999999999545e-01	
-2.5000000000000000e-01	
-1.2000000000000455e-01	
-3.7999999999999545e-01	
6.2999999999999545e-01	
1.2000000000000455e-01	
3.7999999999999545e-01	
-2.5000000000000000e-01	
-1.2999999999999545e-01	
-3.7000000000000455e-01	
-5.0000000000000000e-01	
1.3700000000000045e+00	
1.2999999999999545e-01	
-5.0000000000000000e-01	
1.5000000000000000e+00	
0.0000000000000000e+00	
0.0000000000000000e+00	
2.1200000000000045e+00	
-1.2000000000000455e-01	
-2.3799999999999955e+00	
-3.7000000000000455e-01	
8.7000000000000455e-01	
6.2999999999999545e-01	
-1.2999999999999545e-01	
-2.5000000000000000e-01	
-3.7000000000000455e-01	
-8.7999999999999545e-01	
-8.7000000000000455e-01	
5.0000000000000000e-01	
0.0000000000000000e+00	
6.2000000000000455e-01	
1.3799999999999955e+00	
-8.7999999999999545e-01	
-1.2000000000000455e-01	
-2.2500000000000000e+00	
1.8700000000000045e+00	
-3.7000000000000455e-01	
6.2000000000000455e-01	
-5.0000000000000000e-01	
2.5000000000000000e-01	
-5.0000000000000000e-01	
1.6299999999999955e+00	
-7.5000000000000000e-01	
5.0000000000000000e-01	
1.1200000000000045e+00	
-1.2500000000000000e+00	
6.2999999999999545e-01	
-1.3799999999999955e+00	
-1.5000000000000000e+00	
-8.7000000000000455e-01	
3.7000000000000455e-01	
1.5000000000000000e+00	
-2.5000000000000000e-01	
8.7999999999999545e-01	
1.7500000000000000e+00	
-2.5000000000000000e-01	
2.2500000000000000e+00	
1.2000000000000455e-01	
-8.7000000000000455e-01	
1.2500000000000000e+00	
-7.5000000000000000e-01	
6.2000000000000455e-01	
-1.7500000000000000e+00	
-6.2000000000000455e-01	
5.0000000000000000e-01	
-5.0000000000000000e-01	
-2.5000000000000000e-01	
-1.8799999999999955e+00	
7.5000000000000000e-01	
-5.0000000000000000e-01	
5.0000000000000000e-01	
-1.1200000000000045e+00	
-3.7999999999999545e-01	
1.5000000000000000e+00	
8.7999999999999545e-01	
0.0000000000000000e+00	
1.0000000000000000e+00	
-2.0000000000000000e+00	
6.2000000000000455e-01	
1.2999999999999545e-01	
-1.2999999999999545e-01	
3.7500000000000000e+00	
3.7999999999999545e-01	
3.7000000000000455e-01	
0.0000000000000000e+00	
3.7999999999999545e-01	
-6.2999999999999545e-01	
6.2999999999999545e-01	
-1.6299999999999955e+00	
0.0000000000000000e+00	
-8.7000000000000455e-01	
-7.5000000000000000e-01	
0.0000000000000000e+00	
-6.2999999999999545e-01	
-1.6200000000000045e+00	
1.3700000000000045e+00	
1.2999999999999545e-01	
3.7000000000000455e-01	
-8.7000000000000455e-01	
-1.1299999999999955e+00	
-2.5000000000000000e-01	
-2.3700000000000045e+00	
7.5000000000000000e-01	
1.2500000000000000e+00	
-1.2500000000000000e+00	
1.7500000000000000e+00	
-1.0000000000000000e+00	
-1.6300000000000026e+00	
1.0000000000000071e+00	
2.5000000000000000e+00	
1.2999999999999545e-01	
1.2500000000000000e+00	
0.0000000000000000e+00	
5.0000000000000000e-01	
-1.0000000000000000e+00	
6.2000000000000455e-01	
-7.5000000000000000e-01	
0.0000000000000000e+00	
1.2500000000000000e+00	
1.1299999999999955e+00	
1.2500000000000000e+00	
-2.0000000000000000e+00	
-1.8799999999999955e+00	
-2.5000000000000000e-01	
-6.2000000000000455e-01	
-2.5000000000000000e-01	
2.5000000000000000e-01	
-1.0000000000000000e+00	
1.1200000000000045e+00	
-2.5000000000000000e-01	
-1.6200000000000045e+00	
1.2000000000000455e-01	
1.2999999999999545e-01	
-2.5000000000000000e-01	
0.0000000000000000e+00	
5.0000000000000000e-01	
-8.7999999999999545e-01	
2.5000000000000000e-01	
-5.0000000000000000e-01	
-1.0000000000000071e+00	
8.8000000000000256e-01	
2.5000000000000000e-01	
-5.0000000000000000e-01	
2.5000000000000000e-01	
-7.5000000000000000e-01	
-5.0000000000000000e-01	
-3.8000000000000256e-01	
-8.6999999999999744e-01	
0.0000000000000000e+00	
0.0000000000000000e+00	
2.5000000000000000e-01	
0.0000000000000000e+00	
-7.5000000000000000e-01	
-7.5000000000000000e-01	
1.5000000000000000e+00	
1.1999999999999744e-01	
2.1300000000000026e+00	
5.0000000000000000e-01	
-5.0000000000000000e-01	
-6.3000000000000256e-01	
-1.1199999999999974e+00	
-6.3000000000000256e-01	
1.3000000000000256e-01	
-1.3000000000000256e-01	
1.1300000000000026e+00	
-5.0000000000000000e-01	
-2.5000000000000000e-01	
1.7500000000000000e+00	
-7.5000000000000000e-01	
1.3700000000000045e+00	
-3.7000000000000455e-01	
5.0000000000000000e-01	
-1.0000000000000000e+00	
-6.3000000000000256e-01	
-2.5000000000000000e-01	
-6.1999999999999744e-01	
1.6199999999999974e+00	
-7.5000000000000000e-01	
-1.3699999999999974e+00	
-2.5000000000000000e-01	
8.6999999999999744e-01	
6.3000000000000256e-01	
-8.8000000000000256e-01	
-1.0000000000000000e+00	
-7.5000000000000000e-01	
-3.6999999999999744e-01	
0.0000000000000000e+00	
1.7500000000000000e+00	
-1.0000000000000000e+00	
-6.3000000000000256e-01	
-1.0000000000000000e+00	
5.0000000000000000e-01	
3.8000000000000256e-01	
0.0000000000000000e+00	
1.6199999999999974e+00	
-1.1199999999999974e+00	
-1.3000000000000256e-01	
0.0000000000000000e+00	
2.5000000000000000e-01	
5.0000000000000000e-01	
-7.5000000000000000e-01	
-7.5000000000000000e-01	
-1.0000000000000000e+00	
5.0000000000000000e-01	
-7.5000000000000000e-01	
-6.1999999999999744e-01	
1.1999999999999744e-01	
-5.0000000000000000e-01	
5.0000000000000000e-01	
-1.8699999999999974e+00	
7.5000000000000000e-01	
0.0000000000000000e+00	
-1.3000000000000256e-01	
-2.5000000000000000e-01	
3.8000000000000256e-01	
-1.3000000000000256e-01	
-2.5000000000000000e-01	
-7.5000000000000000e-01	
-1.1999999999999744e-01	
0.0000000000000000e+00	
6.1999999999999744e-01	
1.7500000000000000e+00	
1.3000000000000256e-01	
7.5000000000000000e-01	
1.5000000000000000e+00	
-3.8000000000000256e-01	
-7.5000000000000000e-01	
-1.1199999999999974e+00	
3.6999999999999744e-01	
-1.1999999999999744e-01	
-8.8000000000000256e-01	
3.8000000000000256e-01	
1.2500000000000000e+00	
3.6999999999999744e-01	
5.0000000000000000e-01	
-1.0000000000000000e+00	
-3.6999999999999744e-01	
-8.8000000000000256e-01	
-1.1999999999999744e-01	
6.1999999999999744e-01	
1.2500000000000000e+00	
1.3000000000000256e-01	
-5.0000000000000000e-01	
-2.5000000000000000e-01	
-8.8000000000000256e-01	
0.0000000000000000e+00	
-1.0000000000000000e+00	
0.0000000000000000e+00	
0.0000000000000000e+00	
1.3000000000000256e-01	
0.0000000000000000e+00	
-3.8000000000000256e-01	
0.0000000000000000e+00	
-2.5000000000000000e-01	
-5.0000000000000000e-01	
1.0000000000000000e+00	
-2.5000000000000000e-01	
0.0000000000000000e+00	
-5.0000000000000000e-01	
-7.5000000000000000e-01	
1.3000000000000256e-01	
-3.8000000000000256e-01	
-2.5000000000000000e-01	
1.3000000000000256e-01	
6.1999999999999744e-01	
-2.5000000000000000e-01	
0.0000000000000000e+00	
1.0000000000000000e+00	
-2.5000000000000000e-01	
3.8000000000000256e-01	
1.7500000000000000e+00	
1.1999999999999744e-01	
-1.5000000000000000e+00	
1.3000000000000256e-01	
8.6999999999999744e-01	
8.8000000000000256e-01	
-8.8000000000000256e-01	
3.8000000000000256e-01	
-2.5000000000000000e-01	
-1.2500000000000000e+00	
-1.3000000000000256e-01	
3.8000000000000256e-01	
2.5000000000000000e-01	
-3.8000000000000256e-01	
-1.0000000000000000e+00	
0.0000000000000000e+00	
-3.6999999999999744e-01	
-2.5000000000000000e-01	
6.1999999999999744e-01	
-7.5000000000000000e-01	
8.8000000000000256e-01	
-2.5000000000000000e-01	
-1.1300000000000026e+00	
-6.1999999999999744e-01	
0.0000000000000000e+00	
0.0000000000000000e+00	
1.1999999999999744e-01	
6.3000000000000256e-01	
1.0000000000000000e+00	
1.1999999999999744e-01	
-3.6999999999999744e-01	
-6.3000000000000256e-01	
-7.5000000000000000e-01	
-1.1999999999999744e-01	
8.6999999999999744e-01	
-5.0000000000000000e-01	
1.3000000000000256e-01	
1.1999999999999744e-01	
-1.0000000000000000e+00	
1.2500000000000000e+00	
-1.7500000000000000e+00	
1.0000000000000000e+00	
-1.1999999999999744e-01	
1.0000000000000000e+00	
1.1999999999999744e-01	
-8.6999999999999744e-01	
7.5000000000000000e-01	
5.0000000000000000e-01	
3.6999999999999744e-01	
-3.6999999999999744e-01	
-1.7500000000000000e+00	
-1.2500000000000000e+00	
-2.5000000000000000e-01	
-1.0000000000000000e+00	
0.0000000000000000e+00	
3.6999999999999744e-01	
-2.5000000000000000e-01	
-2.5000000000000000e-01	
-1.1999999999999744e-01	
-3.8000000000000256e-01	
1.3000000000000256e-01	
-1.2500000000000000e+00	
-5.0000000000000000e-01	
2.5000000000000000e+00	
1.5000000000000000e+00	
0.0000000000000000e+00	
-6.3000000000000256e-01	
-8.6999999999999744e-01	
-6.3000000000000256e-01	
7.5000000000000000e-01	
6.3000000000000256e-01	
2.5000000000000000e-01	
2.5000000000000000e-01	
-1.1300000000000026e+00	
-6.1999999999999744e-01	
0.0000000000000000e+00	
-6.3000000000000256e-01	
0.0000000000000000e+00	
2.5000000000000000e-01	
-1.1999999999999744e-01	
1.7500000000000000e+00	
3.6999999999999744e-01	
0.0000000000000000e+00	
1.8800000000000026e+00	
0.0000000000000000e+00	
-3.8000000000000256e-01	
-1.1199999999999974e+00	
1.0000000000000000e+00	
6.1999999999999744e-01	
-1.1199999999999974e+00	
-2.5000000000000000e-01	
6.1999999999999744e-01	
7.5000000000000000e-01	
-2.5000000000000000e-01	
-1.0000000000000000e+00	
2.5000000000000000e-01	
5.0000000000000000e-01	
1.6300000000000026e+00	
1.0000000000000000e+00	
-3.8000000000000256e-01	
5.0000000000000000e-01	
-7.5000000000000000e-01	
8.8000000000000256e-01	
0.0000000000000000e+00	
-5.0000000000000000e-01	
-5.0000000000000000e-01	
1.2500000000000000e+00	
-3.8000000000000256e-01	
0.0000000000000000e+00	
1.3800000000000026e+00	
-1.2500000000000000e+00	
-2.5000000000000000e-01	
0.0000000000000000e+00	
-1.1300000000000026e+00	
1.1300000000000026e+00	
7.5000000000000000e-01	
-1.3000000000000256e-01	
1.5000000000000000e+00	
8.8000000000000256e-01	
2.1199999999999974e+00	
-8.6999999999999744e-01	
5.0000000000000000e-01	
1.0000000000000000e+00	
-8.8000000000000256e-01	
3.8000000000000256e-01	
-2.5000000000000000e-01	
8.6999999999999744e-01	
1.7500000000000071e+00	
-7.5000000000000711e-01	
-1.0000000000000000e+00	
3.8000000000000256e-01	
-2.5000000000000000e-01	
5.0000000000000000e-01	
0.0000000000000000e+00	
-1.7500000000000000e+00	
-1.3000000000000256e-01	
5.0000000000000000e-01	
-6.1999999999999744e-01	
-2.5000000000000000e-01	
0.0000000000000000e+00	
1.2500000000000000e+00	
0.0000000000000000e+00	
5.0000000000000000e-01	
-3.8000000000000256e-01	
-2.0000000000000000e+00	
5.0000000000000000e-01	
1.1300000000000026e+00	
-3.8000000000000256e-01	
2.5000000000000000e-01	
2.5000000000000000e-01	
-1.1199999999999974e+00	
-1.1300000000000026e+00	
-7.5000000000000000e-01	
-6.1999999999999744e-01	
-1.0000000000000000e+00	
1.1199999999999974e+00	
3.8000000000000256e-01	
-7.5000000000000000e-01	
-3.8000000000000256e-01	
1.0000000000000000e+00	
-1.5000000000000000e+00	
0.0000000000000000e+00	
5.0000000000000000e-01	
-2.5000000000000000e-01	
1.5000000000000000e+00	
3.8000000000000256e-01	
-3.8000000000000256e-01	
6.3000000000000256e-01	
-7.5000000000000000e-01	
8.6999999999999744e-01	
5.0000000000000000e-01	
-6.1999999999999744e-01	
1.2500000000000000e+00	
5.0000000000000000e-01	
0.0000000000000000e+00	
2.5000000000000000e-01	
0.0000000000000000e+00	
5.0000000000000000e-01	
0.0000000000000000e+00	
-1.3000000000000256e-01	
-1.1999999999999744e-01	
1.6199999999999974e+00	
1.0000000000000071e+00	
-1.2000000000000455e-01	
-7.5000000000000000e-01	
-5.0000000000000000e-01	
6.1999999999999744e-01	
5.0000000000000711e-01	
1.3799999999999955e+00	
2.5000000000000000e-01	
-8.7999999999999545e-01	
-2.5000000000000000e-01	
-7.5000000000000000e-01	
1.2999999999999545e-01	
2.5000000000000000e-01	
2.5000000000000000e-01	
3.7000000000000455e-01	
-2.5000000000000000e-01	
-1.2000000000000455e-01	
-8.8000000000000256e-01	
5.0000000000000711e-01	
-5.0000000000000711e-01	
-2.5000000000000000e-01	
0.0000000000000000e+00	
-7.5000000000000000e-01	
-1.1999999999999744e-01	
-2.5000000000000000e-01	
5.0000000000000000e-01	
-3.8000000000000256e-01	
-3.6999999999999744e-01	
-3.8000000000000256e-01	
1.3000000000000256e-01	
0.0000000000000000e+00	
-5.0000000000000000e-01	
0.0000000000000000e+00	
2.5000000000000000e-01	
2.5000000000000000e-01	
-5.0000000000000000e-01	
-1.2500000000000000e+00	
-2.5000000000000000e-01	
-1.7500000000000000e+00	
-1.3000000000000256e-01	
6.3000000000000256e-01	
8.6999999999999744e-01	
-5.0000000000000000e-01	
6.3000000000000256e-01	
-2.5000000000000000e-01	
-1.0000000000000000e+00	
-1.3000000000000256e-01	
2.5000000000000000e-01	
1.2500000000000000e+00	
1.2500000000000000e+00	
-6.1999999999999744e-01	
-2.5000000000000000e-01	
8.6999999999999744e-01	
0.0000000000000000e+00	
-5.0000000000000000e-01	
0.0000000000000000e+00	
-6.1999999999999744e-01	
0.0000000000000000e+00	
3.6999999999999744e-01	
6.3000000000000256e-01	
5.0000000000000000e-01	
1.0000000000000000e+00	
1.0000000000000000e+00	
1.0000000000000000e+00	
2.3700000000000045e+00	
-1.2000000000000455e-01	
0.0000000000000000e+00	
-8.7999999999999545e-01	
1.5000000000000000e+00	
1.2999999999999545e-01	
-8.7999999999999545e-01	
-1.2000000000000455e-01	
-6.2999999999999545e-01	
-3.7000000000000455e-01	
-6.2999999999999545e-01	
6.2999999999999545e-01	
1.2000000000000455e-01	
1.1299999999999955e+00	
-7.5000000000000000e-01	
-3.7999999999999545e-01	
-1.7500000000000071e+00	
-7.5000000000000000e-01	
1.3000000000000256e-01	
-2.5000000000000000e-01	
-6.3000000000000256e-01	
-1.1999999999999744e-01	
6.1999999999999744e-01	
0.0000000000000000e+00	
3.1300000000000026e+00	
-2.5000000000000000e-01	
2.5000000000000000e-01	
2.2500000000000000e+00	
1.1200000000000045e+00	
-1.0000000000000000e+00	
7.5000000000000000e-01	
0.0000000000000000e+00	
-1.2000000000000455e-01	
8.7000000000000455e-01	
6.2999999999999545e-01	
-7.5000000000000000e-01	
1.6200000000000045e+00	
7.5000000000000000e-01	
0.0000000000000000e+00	
3.7999999999999545e-01	
0.0000000000000000e+00	
-6.2999999999999545e-01	
-5.0000000000000000e-01	
1.5000000000000000e+00	
-3.7000000000000455e-01	
8.7000000000000455e-01	
7.5000000000000000e-01	
0.0000000000000000e+00	
6.2999999999999545e-01	
2.0000000000000000e+00	
-1.2500000000000000e+00	
8.7000000000000455e-01	
-3.7000000000000455e-01	
6.2000000000000455e-01	
-3.7000000000000455e-01	
-1.5000000000000000e+00	
-1.3799999999999955e+00	
7.5000000000000000e-01	
3.7999999999999545e-01	
6.2000000000000455e-01	
3.8799999999999955e+00	
1.3700000000000045e+00	
7.5000000000000000e-01	
2.3799999999999955e+00	
-7.5000000000000000e-01	
7.5000000000000000e-01	
-3.3799999999999955e+00	
-6.2000000000000455e-01	
3.5000000000000000e+00	
-8.7999999999999545e-01	
2.3799999999999955e+00	
-7.5000000000000000e-01	
-1.0000000000000000e+00	
-2.7500000000000000e+00	
2.0000000000000000e+00	
-3.7999999999999545e-01	
-2.0000000000000000e+00	
2.5000000000000000e-01	
1.6299999999999955e+00	
3.7000000000000455e-01	
3.3799999999999955e+00	
-1.2500000000000000e+00	
2.5000000000000000e-01	
-8.7999999999999545e-01	
2.3799999999999955e+00	
-1.3799999999999955e+00	
1.0000000000000000e+00	
-2.0000000000000000e+00	
-1.1200000000000045e+00	
-1.2999999999999545e-01	
1.8799999999999955e+00	
-2.5000000000000000e-01	
-2.5000000000000000e-01	
-3.0000000000000000e+00	
7.5000000000000000e-01	
1.5000000000000000e+00	
0.0000000000000000e+00	
6.2000000000000455e-01	
-8.7000000000000455e-01	
4.0000000000000000e+00	
0.0000000000000000e+00	
1.7500000000000000e+00	
0.0000000000000000e+00	
4.5000000000000000e+00	
2.3700000000000045e+00	
-6.2000000000000455e-01	
-8.7999999999999545e-01	
-8.7000000000000455e-01	
1.1200000000000045e+00	
-2.8700000000000045e+00	
-1.6299999999999955e+00	
1.3799999999999955e+00	
2.6200000000000045e+00	
-8.7000000000000455e-01	
3.2500000000000000e+00	
-2.2500000000000000e+00	
1.2000000000000455e-01	
0.0000000000000000e+00	
2.7500000000000000e+00	
-1.2500000000000000e+00	
1.5000000000000000e+00	
-5.0000000000000000e-01	
1.2999999999999545e-01	
-3.2500000000000000e+00	
2.6200000000000045e+00	
3.7999999999999545e-01	
1.6200000000000045e+00	
-1.0000000000000000e+00	
1.3799999999999955e+00	
0.0000000000000000e+00	
1.2000000000000455e-01	
5.0000000000000000e-01	
5.0000000000000000e-01	
1.2999999999999545e-01	
3.7000000000000455e-01	
-1.1200000000000045e+00	
-6.2999999999999545e-01	
-3.2500000000000000e+00	
-7.5000000000000000e-01	
2.1299999999999955e+00	
-8.7999999999999545e-01	
2.5000000000000000e+00	
-2.5000000000000000e-01	
1.5000000000000000e+00	
-1.8700000000000045e+00	
-1.0000000000000000e+00	
-5.0000000000000000e-01	
1.8700000000000045e+00	
-2.5000000000000000e-01	
-2.0000000000000000e+00	
-6.2000000000000455e-01	
1.8700000000000045e+00	
0.0000000000000000e+00	
2.6299999999999955e+00	
-1.2999999999999545e-01	
-5.0000000000000000e-01	
0.0000000000000000e+00	
2.5000000000000000e-01	
0.0000000000000000e+00	
-1.5000000000000000e+00	
1.6299999999999955e+00	
2.1200000000000045e+00	
-5.0000000000000000e-01	
-1.3700000000000045e+00	
2.7500000000000000e+00	
3.7000000000000455e-01	
-2.5000000000000000e-01	
3.7999999999999545e-01	
7.5000000000000000e-01	
-2.1299999999999955e+00	
1.3799999999999955e+00	
-2.0000000000000000e+00	
5.0000000000000000e-01	
-2.5000000000000000e-01	
3.7000000000000455e-01	
-2.0000000000000000e+00	
0.0000000000000000e+00	
1.0000000000000000e+00	
8.7999999999999545e-01	
-6.2999999999999545e-01	
2.0000000000000000e+00	
1.2999999999999545e-01	
-1.2999999999999545e-01	
2.5000000000000000e-01	
5.0000000000000000e-01	
1.3799999999999955e+00	
-2.5000000000000000e+00	
0.0000000000000000e+00	
6.2000000000000455e-01	
-3.7000000000000455e-01	
6.2000000000000455e-01	
6.2999999999999545e-01	
6.2000000000000455e-01	
2.7500000000000000e+00	
3.7999999999999545e-01	
1.7500000000000000e+00	
7.5000000000000000e-01	
6.2000000000000455e-01	
2.5000000000000000e+00	
-1.1200000000000045e+00	
3.6200000000000045e+00	
-1.2000000000000455e-01	
2.2500000000000000e+00	
-2.7500000000000000e+00	
2.6200000000000045e+00	
-1.1200000000000045e+00	
1.2500000000000000e+00	
-2.5000000000000000e-01	
-2.0000000000000000e+00	
5.0000000000000000e-01	
1.0000000000000000e+00	
-7.5000000000000000e-01	
1.8700000000000045e+00	
-1.2000000000000455e-01	
-6.2999999999999545e-01	
-1.3700000000000045e+00	
0.0000000000000000e+00	
1.0000000000000000e+00	
-1.2500000000000000e+00	
-1.2500000000000000e+00	
-2.2500000000000000e+00	
-5.0000000000000000e-01	
-5.0000000000000000e-01	
1.7500000000000000e+00	
2.1200000000000045e+00	
1.0000000000000000e+00	
-1.2500000000000000e+00	
-1.3700000000000045e+00	
0.0000000000000000e+00	
-1.7500000000000000e+00	
6.2000000000000455e-01	
1.6299999999999955e+00	
5.0000000000000000e-01	
1.7500000000000000e+00	
-2.6299999999999955e+00	
2.5000000000000000e-01	
3.7999999999999545e-01	
5.0000000000000000e-01	
3.0000000000000000e+00	
7.5000000000000000e-01	
3.0000000000000000e+00	
7.5000000000000000e-01	
-6.2999999999999545e-01	
8.7999999999999545e-01	
1.1200000000000045e+00	
3.7999999999999545e-01	
-2.5000000000000000e-01	
-2.5000000000000000e-01	
-2.1299999999999955e+00	
-2.8700000000000045e+00	
2.0000000000000000e+00	
2.5000000000000000e-01	
7.5000000000000000e-01	
0.0000000000000000e+00	
-1.7500000000000000e+00	
2.3700000000000045e+00	
-1.8700000000000045e+00	
1.7500000000000000e+00	
1.7500000000000000e+00	
-2.3799999999999955e+00	
3.7999999999999545e-01	
7.5000000000000000e-01	
-1.8799999999999955e+00	
-2.5000000000000000e-01	
1.0000000000000000e+00	
4.5000000000000000e+00	
1.2999999999999545e-01	
-1.1299999999999955e+00	
1.5000000000000000e+00	
-1.2000000000000455e-01	
-2.3799999999999955e+00	
-1.3700000000000045e+00	
-1.6299999999999955e+00	
3.7999999999999545e-01	
-2.5000000000000000e-01	
7.5000000000000000e-01	
-1.7500000000000000e+00	
2.5000000000000000e-01	
-7.5000000000000000e-01	
-8.7999999999999545e-01	
0.0000000000000000e+00	
-3.7000000000000455e-01	
7.5000000000000000e-01	
2.0000000000000000e+00	
1.1200000000000045e+00	
1.3799999999999955e+00	
-1.3799999999999955e+00	
8.7999999999999545e-01	
-1.2500000000000000e+00	
-1.8799999999999955e+00	
-2.8700000000000045e+00	
-2.5000000000000000e-01	
1.6200000000000045e+00	
1.1299999999999955e+00	
-1.6299999999999955e+00	
2.1299999999999955e+00	
-8.7999999999999545e-01	
1.1299999999999955e+00	
0.0000000000000000e+00	
2.1200000000000045e+00	
5.0000000000000000e-01	
-1.2000000000000455e-01	
0.0000000000000000e+00	
-7.5000000000000000e-01	
5.0000000000000000e-01	
8.7000000000000455e-01	
-1.1200000000000045e+00	
1.3700000000000045e+00	
6.2999999999999545e-01	
1.2000000000000455e-01	
-8.7000000000000455e-01	
1.6200000000000045e+00	
2.0000000000000000e+00	
2.0000000000000000e+00	
-7.5000000000000000e-01	
8.7999999999999545e-01	
-8.7999999999999545e-01	
-1.0000000000000000e+00	
1.2500000000000000e+00	
1.7500000000000000e+00	
1.2500000000000000e+00	
1.0000000000000000e+00	
1.2999999999999545e-01	
2.0000000000000000e+00	
-1.2500000000000000e+00	
-3.7999999999999545e-01	
1.0000000000000000e+00	
-1.8700000000000045e+00	
0.0000000000000000e+00	
-3.0000000000000000e+00	
1.7500000000000000e+00	
-7.5000000000000000e-01	
-2.7500000000000000e+00	
1.2500000000000000e+00	
2.5000000000000000e-01	
-5.0000000000000000e-01	
1.3700000000000045e+00	
-1.3700000000000045e+00	
-1.2500000000000000e+00	
0.0000000000000000e+00	
-2.5000000000000000e-01	
-2.6299999999999955e+00	
-1.6200000000000045e+00	
-1.2999999999999545e-01	
1.2999999999999545e-01	
1.3700000000000045e+00	
1.6299999999999955e+00	
1.6200000000000045e+00	
6.2999999999999545e-01	
-3.0000000000000000e+00	
2.5000000000000000e-01	
-1.3799999999999955e+00	
1.2999999999999545e-01	
1.7500000000000000e+00	
-2.2500000000000000e+00	
-2.1299999999999955e+00	
0.0000000000000000e+00	
1.2999999999999545e-01	
-1.7500000000000000e+00	
2.3700000000000045e+00	
-4.2500000000000000e+00	
1.5000000000000000e+00	
-1.0000000000000000e+00	
7.5000000000000000e-01	
-1.0000000000000000e+00	
1.6299999999999955e+00	
-2.5000000000000000e-01	
3.2500000000000000e+00	
1.7500000000000000e+00	
-1.8799999999999955e+00	
-1.2500000000000000e+00	
-1.3700000000000045e+00	
1.3700000000000045e+00	
3.7999999999999545e-01	
5.0000000000000000e-01	
1.8700000000000045e+00	
-7.5000000000000000e-01	
7.5000000000000000e-01	
0.0000000000000000e+00	
1.0000000000000000e+00	
-3.7000000000000455e-01	
-1.1299999999999955e+00	
-1.1200000000000045e+00	
0.0000000000000000e+00	
-2.5000000000000000e-01	
2.1200000000000045e+00	
3.7999999999999545e-01	
-7.5000000000000000e-01	
-1.2999999999999545e-01	
-1.1200000000000045e+00	
0.0000000000000000e+00	
-1.0000000000000000e+00	
-2.2500000000000000e+00	
1.5000000000000000e+00	
5.0000000000000000e-01	
-5.0000000000000000e-01	
-1.6299999999999955e+00	
-1.8700000000000045e+00	
-8.7999999999999545e-01	
6.2999999999999545e-01	
-1.3799999999999955e+00	
-7.5000000000000000e-01	
2.5000000000000000e-01	
-1.0000000000000000e+00	
2.5000000000000000e-01	
-3.7000000000000455e-01	
6.2000000000000455e-01	
-3.6200000000000045e+00	
-2.0000000000000000e+00	
1.7500000000000000e+00	
-2.7500000000000000e+00	
1.2500000000000000e+00	
8.7000000000000455e-01	
-8.7000000000000455e-01	
1.8700000000000045e+00	
-1.2500000000000000e+00	
0.0000000000000000e+00	
1.2999999999999545e-01	
0.0000000000000000e+00	
-3.7999999999999545e-01	
-2.5000000000000000e-01	
1.2999999999999545e-01	
2.0000000000000000e+00	
1.6200000000000045e+00	
-2.8700000000000045e+00	
2.5000000000000000e-01	
1.2500000000000000e+00	
5.0000000000000000e-01	
-1.0000000000000000e+00	
-1.7500000000000000e+00	
-1.6299999999999955e+00	
8.7999999999999545e-01	
-5.0000000000000000e-01	
2.2500000000000000e+00	
3.7000000000000455e-01	
3.7999999999999545e-01	
1.0000000000000000e+00	
1.7500000000000000e+00	
2.5000000000000000e-01	
7.5000000000000000e-01	
-7.5000000000000000e-01	
-1.2500000000000000e+00	
-5.0000000000000000e-01	
0.0000000000000000e+00	
1.6200000000000045e+00	
1.5000000000000000e+00	
-1.6200000000000045e+00	
2.5000000000000000e-01	
-2.0000000000000000e+00	
-8.7999999999999545e-01	
-1.2000000000000455e-01	
-2.2500000000000000e+00	
1.0000000000000000e+00	
-1.2999999999999545e-01	
3.7999999999999545e-01	
-1.1299999999999955e+00	
3.6299999999999955e+00	
-1.2500000000000000e+00	
1.5000000000000000e+00	
-5.0000000000000000e-01	
-1.1299999999999955e+00	
-3.7000000000000455e-01	
0.0000000000000000e+00	
-8.7999999999999545e-01	
8.7999999999999545e-01	
1.1200000000000045e+00	
1.3799999999999955e+00	
1.2000000000000455e-01	
3.7999999999999545e-01	
2.7500000000000000e+00	
-2.5000000000000000e-01	
-6.2999999999999545e-01	
-2.8700000000000045e+00	
5.0000000000000000e-01	
1.0000000000000000e+00	
-1.3799999999999955e+00	
-5.0000000000000000e-01	
-1.1200000000000045e+00	
1.0000000000000000e+00	
7.5000000000000000e-01	
-1.0000000000000000e+00	
-1.6299999999999955e+00	
-1.0000000000000000e+00	
-7.5000000000000000e-01	
-6.2000000000000455e-01	
-3.7999999999999545e-01	
-8.7000000000000455e-01	
5.0000000000000000e-01	
0.0000000000000000e+00	
-6.2999999999999545e-01	
6.2999999999999545e-01	
5.0000000000000000e-01	
1.2000000000000455e-01	
3.7999999999999545e-01	
-2.8799999999999955e+00	
3.7999999999999545e-01	
-1.2999999999999545e-01	
1.2999999999999545e-01	
-1.5000000000000000e+00	
2.5000000000000000e-01	
-1.2999999999999545e-01	
-3.6200000000000045e+00	
-1.2500000000000000e+00	
2.2500000000000000e+00	
1.0000000000000000e+00	
5.3700000000000045e+00	
-2.2500000000000000e+00	
-6.2000000000000455e-01	
2.5000000000000000e-01	
-1.3799999999999955e+00	
-1.0000000000000000e+00	
2.1299999999999955e+00	
5.0000000000000000e-01	
1.2000000000000455e-01	
1.2500000000000000e+00	
0.0000000000000000e+00	
-7.5000000000000000e-01	
-6.2000000000000455e-01	
1.5000000000000000e+00	
-1.2999999999999545e-01	
-1.8700000000000045e+00	
-8.7999999999999545e-01	
8.7999999999999545e-01	
2.0000000000000000e+00	
8.7000000000000455e-01	
-6.2000000000000455e-01	
-5.0000000000000000e-01	
-5.0000000000000000e-01	
-3.7999999999999545e-01	
-7.5000000000000000e-01	
1.7500000000000000e+00	
1.1299999999999955e+00	
7.5000000000000000e-01	
-6.2999999999999545e-01	
2.3799999999999955e+00	
2.1200000000000045e+00	
2.0000000000000000e+00	
5.3799999999999955e+00	
1.5000000000000000e+00	
-3.7999999999999545e-01	
-2.7500000000000000e+00	
4.1299999999999955e+00	
-1.7500000000000000e+00	
1.2500000000000000e+00	
-1.0000000000000000e+00	
7.5000000000000000e-01	
1.1200000000000045e+00	
-1.2000000000000455e-01	
2.5000000000000000e-01	
2.6200000000000045e+00	
-1.6200000000000045e+00	
7.5000000000000000e-01	
6.2000000000000455e-01	
-8.7000000000000455e-01	
6.2000000000000455e-01	
-1.1200000000000045e+00	
-6.2999999999999545e-01	
1.2999999999999545e-01	
0.0000000000000000e+00	
-1.2500000000000000e+00	
-1.2999999999999545e-01	
1.0000000000000000e+00	
-1.7500000000000000e+00	
1.1299999999999955e+00	
-7.5000000000000000e-01	
8.7000000000000455e-01	
3.2500000000000000e+00	
6.2999999999999545e-01	
8.7000000000000455e-01	
-1.0000000000000000e+00	
-7.5000000000000000e-01	
1.2999999999999545e-01	
-1.7500000000000000e+00	
-5.0000000000000000e-01	
2.5000000000000000e-01	
6.2000000000000455e-01	
1.2500000000000000e+00	
-1.6200000000000045e+00	
-1.6299999999999955e+00	
-8.7000000000000455e-01	
-5.0000000000000000e-01	
6.2000000000000455e-01	
-6.2000000000000455e-01	
-1.2999999999999545e-01	
-2.5000000000000000e-01	
1.0000000000000000e+00	
-1.6200000000000045e+00	
1.6200000000000045e+00	
6.2999999999999545e-01	
-1.2500000000000000e+00	
6.2000000000000455e-01	
4.1299999999999955e+00	
-1.0000000000000000e+00	
1.0000000000000000e+00	
6.2000000000000455e-01	
1.2999999999999545e-01	
-1.6299999999999955e+00	
-1.0000000000000000e+00	
5.0000000000000000e-01	
2.1299999999999955e+00	
-2.1299999999999955e+00	
1.1299999999999955e+00	
1.2000000000000455e-01	
8.7999999999999545e-01	
7.5000000000000000e-01	
-1.7500000000000000e+00	
-8.7999999999999545e-01	
-1.6200000000000045e+00	
7.5000000000000000e-01	
-1.2500000000000000e+00	
3.7000000000000455e-01	
-3.7000000000000455e-01	
-1.2500000000000000e+00	
-1.5000000000000000e+00	
1.2500000000000000e+00	
-2.5000000000000000e-01	
0.0000000000000000e+00	
1.6200000000000045e+00	
2.5000000000000000e-01	
1.8799999999999955e+00	
-1.6299999999999955e+00	
-1.1200000000000045e+00	
-2.5000000000000000e-01	
-1.7500000000000000e+00	
2.5000000000000000e-01	
-2.3799999999999955e+00	
6.2999999999999545e-01	
-1.3799999999999955e+00	
7.5000000000000000e-01	
1.2500000000000000e+00	
-3.7000000000000455e-01	
-1.0000000000000000e+00	
1.0000000000000000e+00	
2.5000000000000000e-01	
4.1200000000000045e+00	
-1.2000000000000455e-01	
-6.2999999999999545e-01	
1.3799999999999955e+00	
5.0000000000000000e-01	
0.0000000000000000e+00	
-5.0000000000000000e-01	
-6.2999999999999545e-01	
3.7999999999999545e-01	
-3.7999999999999545e-01	
0.0000000000000000e+00	
-2.1200000000000045e+00	
-1.0000000000000000e+00	
-2.5000000000000000e-01	
6.2000000000000455e-01	
-6.2000000000000455e-01	
6.2000000000000455e-01	
3.3799999999999955e+00	
-1.0000000000000000e+00	
2.0000000000000000e+00	
-1.2999999999999545e-01	
-7.5000000000000000e-01	
-2.5000000000000000e-01	
5.0000000000000000e-01	
4.1299999999999955e+00	
1.3700000000000045e+00	
2.8799999999999955e+00	
6.2000000000000455e-01	
1.2999999999999545e-01	
1.3700000000000045e+00	
2.3799999999999955e+00	
-3.7999999999999545e-01	
-2.5000000000000000e-01	
-7.5000000000000000e-01	
2.0000000000000000e+00	
-1.1200000000000045e+00	
-1.1299999999999955e+00	
1.7500000000000000e+00	
1.2999999999999545e-01	
-3.7500000000000000e+00	
-1.7500000000000000e+00	
2.0000000000000000e+00	
-1.7500000000000000e+00	
-6.2999999999999545e-01	
0.0000000000000000e+00	
5.0000000000000000e-01	
1.8799999999999955e+00	
0.0000000000000000e+00	
-8.7999999999999545e-01	
1.0000000000000000e+00	
6.2999999999999545e-01	
-1.3799999999999955e+00	
8.7999999999999545e-01	
1.8700000000000045e+00	
-8.7000000000000455e-01	
0.0000000000000000e+00	
-2.1299999999999955e+00	
-2.7500000000000000e+00	
-5.0000000000000000e-01	
1.8799999999999955e+00	
3.7000000000000455e-01	
-1.8700000000000045e+00	
-1.1299999999999955e+00	
-2.5000000000000000e-01	
-2.5000000000000000e-01	
2.1299999999999955e+00	
-1.1299999999999955e+00	
-6.2000000000000455e-01	
-1.0000000000000000e+00	
-3.2500000000000000e+00	
8.7000000000000455e-01	
1.0000000000000000e+00	
2.5000000000000000e-01	
3.7999999999999545e-01	
1.1200000000000045e+00	
-3.7000000000000455e-01	
-1.2500000000000000e+00	
5.0000000000000000e-01	
0.0000000000000000e+00	
-3.1299999999999955e+00	
7.5000000000000000e-01	
1.2500000000000000e+00	
1.1299999999999955e+00	
1.0000000000000000e+00	
1.2500000000000000e+00	
5.0000000000000000e-01	
-1.2999999999999545e-01	
-2.1200000000000045e+00	
1.2000000000000455e-01	
1.2999999999999545e-01	
1.2500000000000000e+00	
-3.7999999999999545e-01	
2.5000000000000000e-01	
-1.7500000000000000e+00	
-8.7000000000000455e-01	
2.5000000000000000e-01	
-8.7999999999999545e-01	
-2.5000000000000000e-01	
-3.7000000000000455e-01	
-2.5000000000000000e-01	
1.0000000000000000e+00	
1.3700000000000045e+00	
7.5000000000000000e-01	
2.2500000000000000e+00	
1.2999999999999545e-01	
-2.2500000000000000e+00	
5.0000000000000000e-01	
5.0000000000000000e-01	
1.7500000000000000e+00	
2.2500000000000000e+00	
0.0000000000000000e+00	
-6.2999999999999545e-01	
-1.0000000000000000e+00	
-5.0000000000000000e-01	
0.0000000000000000e+00	
-5.0000000000000000e-01	
-6.2000000000000455e-01	
-1.7500000000000000e+00	
6.2000000000000455e-01	
5.0000000000000000e-01	
6.2999999999999545e-01	
-1.2500000000000000e+00	
1.2500000000000000e+00	
-2.3799999999999955e+00	
2.5000000000000000e-01	
-1.6200000000000045e+00	
-5.2500000000000000e+00	
-2.1299999999999955e+00	
2.5000000000000000e+00	
-1.0000000000000000e+00	
-2.5000000000000000e-01	
-5.0000000000000000e-01	
-6.2000000000000455e-01	
6.2000000000000455e-01	
1.5000000000000000e+00	
1.1299999999999955e+00	
1.1200000000000045e+00	
8.7999999999999545e-01	
-2.5000000000000000e-01	
1.1200000000000045e+00	
-5.0000000000000000e-01	
-6.2000000000000455e-01	
0.0000000000000000e+00	
7.5000000000000000e-01	
-1.0000000000000000e+00	
-2.2500000000000000e+00	
1.7500000000000000e+00	
7.5000000000000000e-01	
5.0000000000000000e-01	
1.2500000000000000e+00	
3.0000000000000000e+00	
8.7000000000000455e-01	
-6.2000000000000455e-01	
5.0000000000000000e-01	
6.2000000000000455e-01	
-5.0000000000000000e-01	
-2.5000000000000000e-01	
1.1299999999999955e+00	
1.7500000000000000e+00	
-2.3799999999999955e+00	
8.7999999999999545e-01	
8.7000000000000455e-01	
1.1299999999999955e+00	
-8.7999999999999545e-01	
-3.7000000000000455e-01	
-1.8799999999999955e+00	
-1.2000000000000455e-01	
-8.7999999999999545e-01	
-1.0000000000000000e+00	
-2.5000000000000000e-01	
-5.0000000000000000e-01	
1.2999999999999545e-01	
-3.7999999999999545e-01	
-6.2000000000000455e-01	
1.2000000000000455e-01	
1.6299999999999955e+00	
8.7000000000000455e-01	
-1.7500000000000000e+00	
2.5000000000000000e-01	
1.3799999999999955e+00	
0.0000000000000000e+00	
-2.5000000000000000e-01	
-5.0000000000000000e-01	
-8.7999999999999545e-01	
0.0000000000000000e+00	
5.0000000000000000e-01	
1.2999999999999545e-01	
1.1200000000000045e+00	
7.5000000000000000e-01	
2.5000000000000000e-01	
-1.5000000000000000e+00	
-6.2000000000000455e-01	
-1.2999999999999545e-01	
3.7999999999999545e-01	
8.7000000000000455e-01	
-1.6200000000000045e+00	
7.5000000000000000e-01	
5.0000000000000000e-01	
-1.2500000000000000e+00	
1.3700000000000045e+00	
-1.3700000000000045e+00	
-2.7500000000000000e+00	
-2.5000000000000000e-01	
-2.5000000000000000e-01	
3.7000000000000455e-01	
2.7500000000000000e+00	
-2.2500000000000000e+00	
0.0000000000000000e+00	
-8.7000000000000455e-01	
7.5000000000000000e-01	
1.2000000000000455e-01	
-1.2000000000000455e-01	
1.2000000000000455e-01	
1.2500000000000000e+00	
2.3799999999999955e+00	
0.0000000000000000e+00	
1.3700000000000045e+00	
-8.7000000000000455e-01	
-8.7999999999999545e-01	
-1.2000000000000455e-01	
1.6200000000000045e+00	
1.3799999999999955e+00	
-1.8799999999999955e+00	
-6.2000000000000455e-01	
1.3700000000000045e+00	
1.1299999999999955e+00	
6.2000000000000455e-01	
-1.2500000000000000e+00	
1.0000000000000000e+00	
1.3799999999999955e+00	
1.1200000000000045e+00	
-5.0000000000000000e-01	
-7.5000000000000000e-01	
3.7999999999999545e-01	
2.3700000000000045e+00	
5.0000000000000000e-01	
-3.7000000000000455e-01	
1.6200000000000045e+00	
1.2999999999999545e-01	
1.7500000000000000e+00	
-2.5000000000000000e-01	
7.5000000000000000e-01	
1.2500000000000000e+00	
-7.5000000000000000e-01	
-5.0000000000000000e-01	
0.0000000000000000e+00	
1.2500000000000000e+00	
0.0000000000000000e+00	
-5.0000000000000000e-01	
-1.8799999999999955e+00	
7.5000000000000000e-01	
3.2500000000000000e+00	
-1.1200000000000045e+00	
1.0000000000000000e+00	
2.8700000000000045e+00	
2.0000000000000000e+00	
2.3799999999999955e+00	
-3.7999999999999545e-01	
1.6299999999999955e+00	
2.0000000000000000e+00	
2.5000000000000000e-01	
3.7000000000000455e-01	
8.7999999999999545e-01	
5.0000000000000000e-01	
-2.5000000000000000e-01	
-1.2500000000000000e+00	
0.0000000000000000e+00	
5.0000000000000000e-01	
2.2500000000000000e+00	
2.7500000000000000e+00	
-2.7500000000000000e+00	
0.0000000000000000e+00	
-3.5000000000000000e+00	
2.3700000000000045e+00	
0.0000000000000000e+00	
1.2500000000000000e+00	
-6.7500000000000000e+00	
1.5000000000000000e+00	
-1.8700000000000045e+00	
5.0000000000000000e-01	
2.5000000000000000e-01	
3.3700000000000045e+00	
3.3799999999999955e+00	
-5.1299999999999955e+00	
-1.5000000000000000e+00	
1.2999999999999545e-01	
-5.2500000000000000e+00	
3.7500000000000000e+00	
2.0000000000000000e+00	
-3.7999999999999545e-01	
2.1299999999999955e+00	
-7.5000000000000000e-01	
-1.5000000000000000e+00	
2.0000000000000000e+00	
3.1200000000000045e+00	
-6.2000000000000455e-01	
8.7000000000000455e-01	
1.2999999999999545e-01	
7.5000000000000000e-01	
1.5000000000000000e+00	
-5.0000000000000000e-01	
-1.7500000000000000e+00	
6.2000000000000455e-01	
6.2999999999999545e-01	
0.0000000000000000e+00	
2.6200000000000045e+00	
-1.3700000000000045e+00	
1.6200000000000045e+00	
6.2999999999999545e-01	
-8.7999999999999545e-01	
-1.3700000000000045e+00	
7.5000000000000000e-01	
-2.3799999999999955e+00	
-5.0000000000000000e+00	
3.7999999999999545e-01	
-1.5000000000000000e+00	
-1.3799999999999955e+00	
-1.6200000000000045e+00	
-7.5000000000000000e-01	
2.5000000000000000e+00	
3.5000000000000000e+00	
-3.0000000000000000e+00	
1.5000000000000000e+00	
-1.2999999999999545e-01	
5.0000000000000000e-01	
1.5000000000000000e+00	
-7.5000000000000000e-01	
-1.5000000000000000e+00	
-1.1200000000000045e+00	
-1.2999999999999545e-01	
-8.7000000000000455e-01	
-3.7999999999999545e-01	
1.5000000000000000e+00	
0.0000000000000000e+00	
2.3799999999999955e+00	
-2.3799999999999955e+00	
1.8799999999999955e+00	
-1.3799999999999955e+00	
-1.3700000000000045e+00	
1.2500000000000000e+00	
2.5000000000000000e+00	
-2.7500000000000000e+00	
1.0000000000000000e+00	
-5.0000000000000000e-01	
2.6200000000000045e+00	
2.5000000000000000e-01	
2.1299999999999955e+00	
-1.2999999999999545e-01	
-2.0000000000000000e+00	
2.2500000000000000e+00	
-1.8700000000000045e+00	
2.2500000000000000e+00	
2.3700000000000045e+00	
1.8799999999999955e+00	
1.8700000000000045e+00	
-2.0000000000000000e+00	
-3.1200000000000045e+00	
6.2000000000000455e-01	
-2.7500000000000000e+00	
1.5000000000000000e+00	
-1.3700000000000045e+00	
-3.0000000000000000e+00	
-2.2500000000000000e+00	
7.5000000000000000e-01	
2.5000000000000000e-01	
-1.1299999999999955e+00	
-7.5000000000000000e-01	
-2.7500000000000000e+00	
-5.0000000000000000e-01	
-7.5000000000000000e-01	
2.1299999999999955e+00	
-1.7500000000000000e+00	
-1.1299999999999955e+00	
5.0000000000000000e-01	
0.0000000000000000e+00	
3.1299999999999955e+00	
4.3700000000000045e+00	
1.5000000000000000e+00	
-5.0000000000000000e-01	
-1.2000000000000455e-01	
5.0000000000000000e-01	
-2.7500000000000000e+00	
7.5000000000000000e-01	
-8.7999999999999545e-01	
-3.1200000000000045e+00	
1.6200000000000045e+00	
7.5000000000000000e-01	
-1.1200000000000045e+00	
1.6200000000000045e+00	
-1.1200000000000045e+00	
-1.6299999999999955e+00	
-5.0000000000000000e-01	
-1.3700000000000045e+00	
1.8700000000000045e+00	
-1.7500000000000000e+00	
1.3799999999999955e+00	
1.0000000000000000e+00	
-7.5000000000000000e-01	
2.5000000000000000e-01	
-5.0000000000000000e-01	
2.1200000000000045e+00	
8.7999999999999545e-01	
-5.0000000000000000e-01	
0.0000000000000000e+00	
-3.7500000000000000e+00	
-6.2999999999999545e-01	
-3.7000000000000455e-01	
1.5000000000000000e+00	
-2.6299999999999955e+00	
-3.8700000000000045e+00	
-3.5000000000000000e+00	
-2.6299999999999955e+00	
-1.1200000000000045e+00	
-2.5000000000000000e-01	
1.2000000000000455e-01	
1.7500000000000000e+00	
-5.0000000000000000e-01	
0.0000000000000000e+00	
1.0000000000000000e+00	
-1.7500000000000000e+00	
-1.1200000000000045e+00	
1.0000000000000000e+00	
2.5000000000000000e-01	
-1.1299999999999955e+00	
2.5000000000000000e-01	
-7.5000000000000000e-01	
2.5000000000000000e-01	
-1.2000000000000455e-01	
-1.0000000000000000e+00	
1.0000000000000000e+00	
1.5000000000000000e+00	
1.5000000000000000e+00	
2.5000000000000000e-01	
-1.1299999999999955e+00	
2.2500000000000000e+00	
1.3799999999999955e+00	
2.5000000000000000e+00	
-1.2500000000000000e+00	
0.0000000000000000e+00	
1.0000000000000000e+00	
2.1200000000000045e+00	
0.0000000000000000e+00	
-1.1200000000000045e+00	
-1.2500000000000000e+00	
0.0000000000000000e+00	
-2.7500000000000000e+00	
1.2000000000000455e-01	
3.2500000000000000e+00	
1.0000000000000000e+00	
3.3799999999999955e+00	
1.2000000000000455e-01	
2.5000000000000000e-01	
-4.8700000000000045e+00	
-1.8799999999999955e+00	
-3.7000000000000455e-01	
1.2500000000000000e+00	
-6.2999999999999545e-01	
7.5000000000000000e-01	
-1.5000000000000000e+00	
1.7500000000000000e+00	
6.2999999999999545e-01	
-1.7500000000000000e+00	
-1.7500000000000000e+00	
-2.5000000000000000e-01	
-1.2500000000000000e+00	
2.5000000000000000e-01	
-1.5000000000000000e+00	
0.0000000000000000e+00	
-2.1299999999999955e+00	
2.6299999999999955e+00	
-5.3799999999999955e+00	
-6.2000000000000455e-01	
-5.5000000000000000e+00	
1.6200000000000045e+00	
-1.6200000000000045e+00	
-1.1299999999999955e+00	
2.1299999999999955e+00	
-1.8799999999999955e+00	
7.5000000000000000e-01	
-1.6200000000000045e+00	
1.1200000000000045e+00	
-1.0000000000000000e+00	
1.1299999999999955e+00	
-1.2999999999999545e-01	
7.5000000000000000e-01	
-1.3700000000000045e+00	
1.2000000000000455e-01	
1.1299999999999955e+00	
1.6200000000000045e+00	
2.7500000000000000e+00	
-5.0000000000000000e-01	
-2.7500000000000000e+00	
-1.7500000000000000e+00	
1.2999999999999545e-01	
1.6200000000000045e+00	
6.2999999999999545e-01	
-1.0000000000000000e+00	
-2.8799999999999955e+00	
1.5000000000000000e+00	
6.2999999999999545e-01	
-1.5000000000000000e+00	
2.5000000000000000e+00	
5.0000000000000000e-01	
-2.5000000000000000e-01	
1.3700000000000045e+00	
2.5000000000000000e+00	
-1.1200000000000045e+00	
0.0000000000000000e+00	
1.1200000000000045e+00	
2.5000000000000000e-01	
2.5000000000000000e+00	
-1.2500000000000000e+00	
-8.7000000000000455e-01	
-1.1299999999999955e+00	
1.1299999999999955e+00	
-8.7999999999999545e-01	
1.1299999999999955e+00	
0.0000000000000000e+00	
-1.5000000000000000e+00	
1.1200000000000045e+00	
5.0000000000000000e-01	
-1.3700000000000045e+00	
-1.3799999999999955e+00	
-2.5000000000000000e-01	
-2.0000000000000000e+00	
-2.6200000000000045e+00	
1.5000000000000000e+00	
0.0000000000000000e+00	
0.0000000000000000e+00	
-1.3799999999999955e+00	
2.5000000000000000e-01	
-8.7000000000000455e-01	
0.0000000000000000e+00	
2.0000000000000000e+00	
1.6200000000000045e+00	
-6.2000000000000455e-01	
5.0000000000000000e-01	
-6.2999999999999545e-01	
-6.2000000000000455e-01	
-1.8799999999999955e+00	
-3.8700000000000045e+00	
2.1200000000000045e+00	
1.3799999999999955e+00	
0.0000000000000000e+00	
5.2500000000000000e+00	
-2.5000000000000000e+00	
0.0000000000000000e+00	
4.6200000000000045e+00	
-1.1200000000000045e+00	
1.0000000000000000e+00	
2.1200000000000045e+00	
6.2999999999999545e-01	
-1.3799999999999955e+00	
1.2999999999999545e-01	
3.5000000000000000e+00	
7.5000000000000000e-01	
2.1200000000000045e+00	
1.7500000000000000e+00	
-1.1200000000000045e+00	
-2.0000000000000000e+00	
-3.7999999999999545e-01	
6.2999999999999545e-01	
-1.3799999999999955e+00	
1.8799999999999955e+00	
0.0000000000000000e+00	
3.8700000000000045e+00	
-3.7000000000000455e-01	
1.1200000000000045e+00	
5.0000000000000000e-01	
3.7500000000000000e+00	
-3.7000000000000455e-01	
-1.2500000000000000e+00	
-2.3799999999999955e+00	
1.2999999999999545e-01	
-1.0000000000000000e+00	
-3.7999999999999545e-01	
1.7500000000000000e+00	
5.0000000000000000e-01	
-1.0000000000000000e+00	
-5.0000000000000000e-01	
4.0000000000000000e+00	
-1.1200000000000045e+00	
2.5000000000000000e+00	
6.2000000000000455e-01	
-2.5000000000000000e-01	
2.5000000000000000e+00	
-8.7000000000000455e-01	
7.5000000000000000e-01	
1.6200000000000045e+00	
1.1299999999999955e+00	
3.1200000000000045e+00	
2.7500000000000000e+00	
-1.6200000000000045e+00	
-3.2500000000000000e+00	
1.6200000000000045e+00	
-2.2500000000000000e+00	
1.0000000000000000e+00	
-3.1200000000000045e+00	
1.5000000000000000e+00	
-1.2999999999999545e-01	
-2.8700000000000045e+00	
1.1200000000000045e+00	
-3.6200000000000045e+00	
1.0000000000000000e+00	
2.6200000000000045e+00	
5.0000000000000000e-01	
2.7500000000000000e+00	
-8.7000000000000455e-01	
0.0000000000000000e+00	
0.0000000000000000e+00	
7.0000000000000000e+00	
-2.7500000000000000e+00	
0.0000000000000000e+00	
-2.5000000000000000e+00	
2.5000000000000000e+00	
1.0000000000000000e+00	
3.3700000000000045e+00	
1.5000000000000000e+00	
5.0000000000000000e-01	
2.3799999999999955e+00	
3.8700000000000045e+00	
-1.2000000000000455e-01	
-1.8799999999999955e+00	
-1.1200000000000045e+00	
-7.5000000000000000e-01	
2.3700000000000045e+00	
8.7999999999999545e-01	
-1.1299999999999955e+00	
-4.5000000000000000e+00	
3.7999999999999545e-01	
-4.2500000000000000e+00	
-1.2999999999999545e-01	
6.2999999999999545e-01	
-6.2999999999999545e-01	
0.0000000000000000e+00	
4.0000000000000000e+00	
3.7999999999999545e-01	
1.6200000000000045e+00	
-2.6200000000000045e+00	
-3.7999999999999545e-01	
-2.3700000000000045e+00	
3.0000000000000000e+00	
1.1200000000000045e+00	
-1.3700000000000045e+00	
1.2500000000000000e+00	
-1.3799999999999955e+00	
-2.1200000000000045e+00	
-1.2999999999999545e-01	
-1.0000000000000000e+00	
3.0000000000000000e+00	
2.3799999999999955e+00	
-6.2999999999999545e-01	
-5.0000000000000000e-01	
5.0000000000000000e-01	
1.8799999999999955e+00	
1.6200000000000045e+00	
1.2500000000000000e+00	
1.7500000000000000e+00	
-1.3700000000000045e+00	
-1.1299999999999955e+00	
-2.8700000000000045e+00	
1.5000000000000000e+00	
2.5000000000000000e-01	
0.0000000000000000e+00	
8.7000000000000455e-01	
-1.2500000000000000e+00	
2.8799999999999955e+00	
-5.0000000000000000e-01	
7.5000000000000000e-01	
2.8700000000000045e+00	
-2.3700000000000045e+00	
5.0000000000000000e-01	
1.2000000000000455e-01	
-1.1200000000000045e+00	
-2.3799999999999955e+00	
-1.8700000000000045e+00	
-1.3799999999999955e+00	
-1.2500000000000000e+00	
1.1299999999999955e+00	
8.7000000000000455e-01	
-8.7000000000000455e-01	
2.5000000000000000e-01	
8.7000000000000455e-01	
-1.3700000000000045e+00	
-1.7500000000000000e+00	
1.2000000000000455e-01	
8.7999999999999545e-01	
2.7500000000000000e+00	
1.3700000000000045e+00	
2.3799999999999955e+00	
2.2500000000000000e+00	
1.3700000000000045e+00	
3.0000000000000000e+00	
-1.2000000000000455e-01	
1.2500000000000000e+00	
-1.6299999999999955e+00	
-2.5000000000000000e-01	
2.1299999999999955e+00	
0.0000000000000000e+00	
-1.2999999999999545e-01	
-2.6200000000000045e+00	
-4.1299999999999955e+00	
-1.6200000000000045e+00	
2.5000000000000000e-01	
1.8700000000000045e+00	
-5.5000000000000000e+00	
-3.7000000000000455e-01	
-8.7999999999999545e-01	
-8.7000000000000455e-01	
0.0000000000000000e+00	
-3.0000000000000000e+00	
-5.0000000000000000e-01	
5.0000000000000000e-01	
3.3700000000000045e+00	
1.3799999999999955e+00	
-5.0000000000000000e+00	
-8.7999999999999545e-01	
1.2500000000000000e+00	
-2.5000000000000000e+00	
-4.8700000000000045e+00	
5.2500000000000000e+00	
-1.5000000000000000e+00	
1.6200000000000045e+00	
1.2999999999999545e-01	
-3.2500000000000000e+00	
-2.2500000000000000e+00	
2.5000000000000000e-01	
3.8700000000000045e+00	
6.2999999999999545e-01	
1.2500000000000000e+00	
-5.5000000000000000e+00	
1.7500000000000000e+00	
-1.2500000000000000e+00	
-4.1299999999999955e+00	
2.1299999999999955e+00	
-7.5000000000000000e-01	
-3.5000000000000000e+00	
-5.1299999999999955e+00	
-5.1200000000000045e+00	
-3.1000000000000000e+01	
1.1000000000000000e+01	
7.7500000000000000e+00	
-2.7500000000000000e+00	
7.5000000000000000e-01	
-8.7500000000000000e+00	
6.0000000000000000e+00	
0.0000000000000000e+00	
2.2500000000000000e+00	
2.2500000000000000e+00	
2.0000000000000000e+00	
-2.6299999999999955e+00	
-1.2500000000000000e+00	
3.1299999999999955e+00	
-4.2500000000000000e+00	
-1.3799999999999955e+00	
-3.7000000000000455e-01	
1.5000000000000000e+00	
3.0000000000000000e+00	
-6.2999999999999545e-01	
-1.6200000000000045e+00	
-2.2500000000000000e+00	
6.2000000000000455e-01	
-2.7500000000000000e+00	
2.1299999999999955e+00	
-2.5000000000000000e-01	
1.0000000000000000e+00	
-8.7999999999999545e-01	
0.0000000000000000e+00	
-2.7500000000000000e+00	
-4.1200000000000045e+00	
5.0000000000000000e-01	
-7.5000000000000000e-01	
-4.0000000000000000e+00	
1.2500000000000000e+00	
1.7500000000000000e+00	
2.0000000000000000e+00	
2.5000000000000000e+00	
-3.0000000000000000e+00	
-8.7999999999999545e-01	
5.0000000000000000e+00	
8.7999999999999545e-01	
2.8700000000000045e+00	
-3.3700000000000045e+00	
1.7500000000000000e+00	
1.0000000000000000e+00	
0.0000000000000000e+00	
1.2500000000000000e+00	
3.7000000000000455e-01	
0.0000000000000000e+00	
-4.1200000000000045e+00	
2.5000000000000000e-01	
1.0000000000000000e+00	
-1.5000000000000000e+00	
0.0000000000000000e+00	
5.2500000000000000e+00	
1.1200000000000045e+00	
1.0000000000000000e+00	
5.0000000000000000e-01	
-8.5000000000000000e+00	
2.8799999999999955e+00	
-2.5000000000000000e+00	
8.7000000000000455e-01	
-2.5000000000000000e-01	
3.1299999999999955e+00	
-1.2500000000000000e+00	
-6.0000000000000000e+00	
-1.3799999999999955e+00	
6.2999999999999545e-01	
-5.0000000000000000e-01	
2.7500000000000000e+00	
-1.3799999999999955e+00	
8.7999999999999545e-01	
1.0000000000000000e+00	
-1.3799999999999955e+00	
-2.3700000000000045e+00	
-1.2999999999999545e-01	
-8.7000000000000455e-01	
-3.7999999999999545e-01	
-6.2000000000000455e-01	
-2.5000000000000000e-01	
1.3700000000000045e+00	
2.5000000000000000e+00	
-3.7000000000000455e-01	
7.5000000000000000e-01	
0.0000000000000000e+00	
1.7500000000000000e+00	
-1.0000000000000000e+00	
-2.5000000000000000e-01	
8.7000000000000455e-01	
1.8799999999999955e+00	
1.2000000000000455e-01	
7.5000000000000000e-01	
-1.6200000000000045e+00	
1.2500000000000000e+00	
1.7500000000000000e+00	
-5.0000000000000000e-01	
2.5000000000000000e-01	
-7.5000000000000000e-01	
3.7000000000000455e-01	
3.7999999999999545e-01	
3.7000000000000455e-01	
-1.0000000000000000e+00	
-2.8700000000000045e+00	
1.7500000000000000e+00	
0.0000000000000000e+00	
-1.5000000000000000e+00	
1.2500000000000000e+00	
-3.7999999999999545e-01	
-6.2000000000000455e-01	
-5.0000000000000000e-01	
-6.2999999999999545e-01	
-1.5000000000000000e+00	
-1.6200000000000045e+00	
-3.0000000000000000e+00	
1.1200000000000045e+00	
-2.2500000000000000e+00	
-7.5000000000000000e-01	
2.5000000000000000e+00	
0.0000000000000000e+00	
-1.2000000000000455e-01	
0.0000000000000000e+00	
2.1200000000000045e+00	
-3.7000000000000455e-01	
2.3700000000000045e+00	
1.7500000000000000e+00	
2.5000000000000000e-01	
2.5000000000000000e+00	
-4.7500000000000000e+00	
2.7500000000000000e+00	
-1.2000000000000455e-01	
-8.7999999999999545e-01	
-2.5000000000000000e-01	
-5.0000000000000000e-01	
1.3799999999999955e+00	
1.2000000000000455e-01	
3.7999999999999545e-01	
-2.5000000000000000e-01	
-8.7999999999999545e-01	
2.5000000000000000e-01	
7.5000000000000000e-01	
5.0000000000000000e-01	
-1.3700000000000045e+00	
-2.0000000000000000e+00	
-7.5000000000000000e-01	
0.0000000000000000e+00	
3.7000000000000455e-01	
-2.1200000000000045e+00	
0.0000000000000000e+00	
1.6200000000000045e+00	
1.2500000000000000e+00	
-1.5000000000000000e+00	
-1.2500000000000000e+00	
1.6299999999999955e+00	
-1.0000000000000000e+00	
-7.5000000000000000e-01	
5.0000000000000000e-01	
-7.5000000000000000e-01	
-2.5000000000000000e-01	
-2.5000000000000000e-01	
0.0000000000000000e+00	
4.5000000000000000e+00	
6.2000000000000455e-01	
-5.0000000000000000e-01	
6.2999999999999545e-01	
1.1200000000000045e+00	
-6.2000000000000455e-01	
2.8700000000000045e+00	
-1.2500000000000000e+00	
6.2999999999999545e-01	
1.0000000000000000e+00	
1.7500000000000000e+00	
1.2000000000000455e-01	
-1.7500000000000000e+00	
3.7999999999999545e-01	
-3.7999999999999545e-01	
3.1299999999999955e+00	
2.7500000000000000e+00	
2.7500000000000000e+00	
-6.2999999999999545e-01	
-1.2000000000000455e-01	
2.0000000000000000e+00	
0.0000000000000000e+00	
3.7000000000000455e-01	
-7.5000000000000000e-01	
0.0000000000000000e+00	
2.6299999999999955e+00	
-2.3799999999999955e+00	
7.5000000000000000e-01	
-1.2500000000000000e+00	
3.7999999999999545e-01	
-1.5000000000000000e+00	
0.0000000000000000e+00	
-5.0000000000000000e-01	
7.5000000000000000e-01	
-3.7999999999999545e-01	
-1.1200000000000045e+00	
0.0000000000000000e+00	
-2.2500000000000000e+00	
-1.6299999999999955e+00	
2.2500000000000000e+00	
2.5000000000000000e-01	
-1.5000000000000000e+00	
2.6299999999999955e+00	
2.0000000000000000e+00	
5.0000000000000000e-01	
-5.0000000000000000e-01	
0.0000000000000000e+00	
-1.5000000000000000e+00	
-3.7999999999999545e-01	
-7.5000000000000000e-01	
-1.5000000000000000e+00	
-2.7500000000000000e+00	
1.2999999999999545e-01	
-1.0000000000000000e+00	
-2.8799999999999955e+00	
6.2999999999999545e-01	
-1.1299999999999955e+00	
0.0000000000000000e+00	
-1.8700000000000045e+00	
-2.0000000000000000e+00	
1.2000000000000455e-01	
1.8799999999999955e+00	
-1.1299999999999955e+00	
6.2999999999999545e-01	
1.1200000000000045e+00	
-5.0000000000000000e-01	
-1.3700000000000045e+00	
-1.2500000000000000e+00	
3.7500000000000000e+00	
0.0000000000000000e+00	
-1.1299999999999955e+00	
-1.1200000000000045e+00	
3.7000000000000455e-01	
2.2500000000000000e+00	
-7.5000000000000000e-01	
1.3799999999999955e+00	
-3.7999999999999545e-01	
-8.7000000000000455e-01	
5.0000000000000000e-01	
-1.5000000000000000e+00	
0.0000000000000000e+00	
5.0000000000000000e-01	
-1.2500000000000000e+00	
8.7000000000000455e-01	
-6.2000000000000455e-01	
1.0000000000000000e+00	
6.2000000000000455e-01	
1.5000000000000000e+00	
0.0000000000000000e+00	
-5.0000000000000000e-01	
-3.7000000000000455e-01	
-6.2999999999999545e-01	
1.2999999999999545e-01	
2.0000000000000000e+00	
1.2000000000000455e-01	
2.6299999999999955e+00	
-1.2500000000000000e+00	
1.1200000000000045e+00	
1.1299999999999955e+00	
1.3700000000000045e+00	
3.2500000000000000e+00	
-2.0000000000000000e+00	
2.5000000000000000e+00	
-5.0000000000000000e-01	
-1.2500000000000000e+00	
-2.5000000000000000e-01	
-1.2500000000000000e+00	
-1.3700000000000045e+00	
5.0000000000000000e-01	
1.8700000000000045e+00	
1.3799999999999955e+00	
-1.1299999999999955e+00	
-6.2000000000000455e-01	
-2.0000000000000000e+00	
-1.1299999999999955e+00	
6.2999999999999545e-01	
1.2000000000000455e-01	
-1.2000000000000455e-01	
-3.1299999999999955e+00	
5.0000000000000000e-01	
3.7999999999999545e-01	
-2.0000000000000000e+00	
0.0000000000000000e+00	
2.5000000000000000e-01	
-1.2999999999999545e-01	
1.3799999999999955e+00	
1.0000000000000000e+00	
0.0000000000000000e+00	
-2.0000000000000000e+00	
2.8700000000000045e+00	
5.0000000000000000e-01	
-8.7000000000000455e-01	
-2.5000000000000000e-01	
1.0000000000000000e+00	
1.6200000000000045e+00	
1.2500000000000000e+00	
-1.1200000000000045e+00	
-1.6299999999999955e+00	
1.0000000000000000e+00	
1.2999999999999545e-01	
2.5000000000000000e-01	
-2.5000000000000000e-01	
5.0000000000000000e-01	
2.5000000000000000e-01	
1.5000000000000000e+00	
5.0000000000000000e-01	
-2.5000000000000000e-01	
-5.0000000000000000e-01	
8.7000000000000455e-01	
0.0000000000000000e+00	
-2.5000000000000000e-01	
-6.2000000000000455e-01	
7.5000000000000000e-01	
-1.3799999999999955e+00	
0.0000000000000000e+00	
-8.7000000000000455e-01	
1.5000000000000000e+00	
-2.5000000000000000e-01	
-3.7999999999999545e-01	
1.2999999999999545e-01	
-8.7999999999999545e-01	
1.1299999999999955e+00	
8.7000000000000455e-01	
2.5000000000000000e-01	
8.7999999999999545e-01	
-3.7999999999999545e-01	
1.1299999999999955e+00	
-7.5000000000000000e-01	
-6.2999999999999545e-01	
-1.2500000000000000e+00	
1.8799999999999955e+00	
-1.0000000000000000e+00	
2.7500000000000000e+00	
8.7000000000000455e-01	
1.8799999999999955e+00	
1.8700000000000045e+00	
-1.0000000000000000e+00	
-1.2500000000000000e+00	
-6.2000000000000455e-01	
-1.1299999999999955e+00	
1.0000000000000000e+00	
-6.2000000000000455e-01	
-6.2999999999999545e-01	
-1.3700000000000045e+00	
1.0000000000000000e+00	
-1.2500000000000000e+00	
2.2500000000000000e+00	
-1.1299999999999955e+00	
-6.2000000000000455e-01	
0.0000000000000000e+00	
2.5000000000000000e-01	
-2.1299999999999955e+00	
0.0000000000000000e+00	
-2.2500000000000000e+00	
5.0000000000000000e-01	
-1.2000000000000455e-01	
-1.6299999999999955e+00	
6.2999999999999545e-01	
3.7000000000000455e-01	
6.2999999999999545e-01	
-1.6299999999999955e+00	
-2.5000000000000000e-01	
-1.0000000000000000e+00	
-3.7000000000000455e-01	
6.2000000000000455e-01	
-1.0000000000000000e+00	
-8.7000000000000455e-01	
1.1200000000000045e+00	
-5.6200000000000045e+00	
-3.0000000000000000e+00	
6.2000000000000455e-01	
-8.7000000000000455e-01	
3.7000000000000455e-01	
0.0000000000000000e+00	
5.0000000000000000e-01	
-1.2000000000000455e-01	
-3.7999999999999545e-01	
-8.7000000000000455e-01	
3.7000000000000455e-01	
-6.2000000000000455e-01	
-1.3799999999999955e+00	
6.2999999999999545e-01	
2.5000000000000000e-01	
1.7500000000000000e+00	
2.5000000000000000e-01	
1.1200000000000045e+00	
0.0000000000000000e+00	
-1.8700000000000045e+00	
1.6200000000000045e+00	
5.0000000000000000e-01	
1.6299999999999955e+00	
-6.2999999999999545e-01	
0.0000000000000000e+00	
1.1299999999999955e+00	
0.0000000000000000e+00	
1.0000000000000000e+00	
0.0000000000000000e+00	
1.2000000000000455e-01	
-6.2000000000000455e-01	
-6.2999999999999545e-01	
-1.0000000000000000e+00	
-8.7000000000000455e-01	
-8.7999999999999545e-01	
-1.2500000000000000e+00	
1.2999999999999545e-01	
2.5000000000000000e-01	
-1.2999999999999545e-01	
-5.0000000000000000e-01	
1.6299999999999955e+00	
2.0000000000000000e+00	
-1.3799999999999955e+00	
1.2999999999999545e-01	
5.0000000000000000e-01	
-8.7999999999999545e-01	
-1.2500000000000000e+00	
-3.7000000000000455e-01	
2.5000000000000000e-01	
-1.2999999999999545e-01	
-1.2000000000000455e-01	
0.0000000000000000e+00	
-1.2500000000000000e+00	
1.3700000000000045e+00	
3.7999999999999545e-01	
1.2000000000000455e-01	
-1.1200000000000045e+00	
6.2000000000000455e-01	
-1.2000000000000455e-01	
-2.5000000000000000e-01	
-8.7999999999999545e-01	
5.0000000000000000e-01	
2.1299999999999955e+00	
-6.2999999999999545e-01	
-1.0000000000000000e+00	
1.2999999999999545e-01	
8.7000000000000455e-01	
-8.7000000000000455e-01	
2.5000000000000000e-01	
-6.2999999999999545e-01	
1.7500000000000000e+00	
1.1299999999999955e+00	
2.3700000000000045e+00	
-5.0000000000000000e-01	
-2.3700000000000045e+00	
3.7000000000000455e-01	
3.7999999999999545e-01	
0.0000000000000000e+00	
-2.5000000000000000e-01	
-3.7999999999999545e-01	
5.0000000000000000e-01	
2.5000000000000000e+00	
-7.5000000000000000e-01	
8.7999999999999545e-01	
1.2000000000000455e-01	
-1.2000000000000455e-01	
1.2500000000000000e+00	
-1.2500000000000000e+00	
-3.7999999999999545e-01	
-1.6200000000000045e+00	
1.3700000000000045e+00	
-6.2000000000000455e-01	
-7.5000000000000000e-01	
-2.5000000000000000e-01	
5.0000000000000000e-01	
3.7000000000000455e-01	
1.6299999999999955e+00	
-3.7999999999999545e-01	
-6.2000000000000455e-01	
-2.5000000000000000e-01	
1.7500000000000000e+00	
1.8700000000000045e+00	
8.7999999999999545e-01	
-1.1299999999999955e+00	
3.7999999999999545e-01	
-2.0000000000000000e+00	
6.2000000000000455e-01	
1.2999999999999545e-01	
-7.5000000000000000e-01	
-7.5000000000000000e-01	
3.7000000000000455e-01	
-2.1200000000000045e+00	
6.2000000000000455e-01	
3.7999999999999545e-01	
2.0000000000000000e+00	
1.2000000000000455e-01	
1.8799999999999955e+00	
-1.6299999999999955e+00	
5.0000000000000000e-01	
2.5000000000000000e-01	
2.5000000000000000e-01	
0.0000000000000000e+00	
3.7999999999999545e-01	
-1.0000000000000000e+00	
-5.0000000000000000e-01	
-2.5000000000000000e-01	
2.5000000000000000e-01	
6.2000000000000455e-01	
-1.5000000000000000e+00	
3.7999999999999545e-01	
-2.5000000000000000e-01	
6.2000000000000455e-01	
-1.2000000000000455e-01	
0.0000000000000000e+00	
1.2000000000000455e-01	
3.7999999999999545e-01	
-2.5000000000000000e-01	
1.2500000000000000e+00	
-6.0000000000000000e+00	
-2.5000000000000000e+00	
2.5000000000000000e-01	
-6.2999999999999545e-01	
-2.6200000000000045e+00	
2.2500000000000000e+00	
-7.5000000000000000e-01	
0.0000000000000000e+00	
1.7500000000000000e+00	
-1.0000000000000000e+00	
-5.0000000000000000e-01	
-1.2999999999999545e-01	
-5.6200000000000045e+00	
1.0000000000000000e+00	
-7.5000000000000000e-01	
-5.0000000000000000e-01	
2.3700000000000045e+00	
1.2999999999999545e-01	
-7.5000000000000000e-01	
-5.0000000000000000e-01	
-1.1299999999999955e+00	
-1.1200000000000045e+00	
-8.7999999999999545e-01	
-3.7000000000000455e-01	
7.5000000000000000e-01	
-2.5000000000000000e-01	
-2.1299999999999955e+00	
6.2999999999999545e-01	
-1.8799999999999955e+00	
7.5000000000000000e-01	
-6.2000000000000455e-01	
6.2000000000000455e-01	
7.5000000000000000e-01	
1.2999999999999545e-01	
-2.5000000000000000e-01	
-1.2999999999999545e-01	
-7.5000000000000000e-01	
2.0000000000000000e+00	
-3.7000000000000455e-01	
7.5000000000000000e-01	
6.2000000000000455e-01	
0.0000000000000000e+00	
2.5000000000000000e-01	
-1.0000000000000000e+00	
-5.0000000000000000e-01	
-1.1200000000000045e+00	
-1.2999999999999545e-01	
-5.0000000000000000e-01	
2.1299999999999955e+00	
3.7000000000000455e-01	
-1.0000000000000000e+00	
-6.2000000000000455e-01	
-1.1299999999999955e+00	
-7.5000000000000000e-01	
8.7999999999999545e-01	
-1.1299999999999955e+00	
-7.5000000000000000e-01	
-1.2000000000000455e-01	
-1.3799999999999955e+00	
1.1299999999999955e+00	
-1.2999999999999545e-01	
5.0000000000000000e-01	
2.5000000000000000e-01	
0.0000000000000000e+00	
-8.7000000000000455e-01	
2.5000000000000000e-01	
-6.2999999999999545e-01	
0.0000000000000000e+00	
0.0000000000000000e+00	
3.8799999999999955e+00	
8.7000000000000455e-01	
1.1299999999999955e+00	
-2.5000000000000000e-01	
6.2000000000000455e-01	
-1.0000000000000000e+00	
-3.7000000000000455e-01	
8.7000000000000455e-01	
-2.0000000000000000e+00	
2.5000000000000000e-01	
2.0000000000000000e+00	
-1.2500000000000000e+00	
6.2999999999999545e-01	
-8.7999999999999545e-01	
-2.0000000000000000e+00	
1.2999999999999545e-01	
7.5000000000000000e-01	
-1.6299999999999955e+00	
1.0000000000000000e+00	
3.7999999999999545e-01	
0.0000000000000000e+00	
1.3700000000000045e+00	
-8.7000000000000455e-01	
6.2000000000000455e-01	
1.2500000000000000e+00	
1.3799999999999955e+00	
2.1200000000000045e+00	
-3.7000000000000455e-01	
-2.5000000000000000e-01	
-1.3799999999999955e+00	
2.1299999999999955e+00	
5.0000000000000000e-01	
0.0000000000000000e+00	
-2.5000000000000000e-01	
0.0000000000000000e+00	
-6.2999999999999545e-01	
2.0000000000000000e+00	
-1.6200000000000045e+00	
-6.2999999999999545e-01	
1.3799999999999955e+00	
-2.5000000000000000e-01	
1.2000000000000455e-01	
1.2999999999999545e-01	
8.7000000000000455e-01	
1.2999999999999545e-01	
7.5000000000000000e-01	
-2.5000000000000000e-01	
1.5000000000000000e+00	
-5.0000000000000000e-01	
1.2500000000000000e+00	
-1.5000000000000000e+00	
0.0000000000000000e+00	
7.5000000000000000e-01	
1.6200000000000045e+00	
3.7999999999999545e-01	
-1.0000000000000000e+00	
-7.5000000000000000e-01	
-7.5000000000000000e-01	
-1.5000000000000000e+00	
-8.7999999999999545e-01	
3.7999999999999545e-01	
1.3700000000000045e+00	
1.2999999999999545e-01	
1.2000000000000455e-01	
-2.5000000000000000e-01	
7.5000000000000000e-01	
-1.2000000000000455e-01	
-3.7999999999999545e-01	
-2.5000000000000000e-01	
-3.7000000000000455e-01	
3.7000000000000455e-01	
5.0000000000000000e-01	
7.5000000000000000e-01	
0.0000000000000000e+00	
3.7500000000000000e+00	
2.5000000000000000e-01	
-1.2500000000000000e+00	
-7.5000000000000000e-01	
2.5000000000000000e-01	
0.0000000000000000e+00	
-5.0000000000000000e-01	
5.0000000000000000e-01	
-6.2000000000000455e-01	
-1.3799999999999955e+00	
1.6299999999999955e+00	
-1.0000000000000000e+00	
1.1200000000000045e+00	
1.2999999999999545e-01	
1.2500000000000000e+00	
0.0000000000000000e+00	
2.5000000000000000e-01	
5.0000000000000000e-01	
1.1200000000000045e+00	
1.6299999999999955e+00	
2.5000000000000000e-01	
1.3700000000000045e+00	
-2.5000000000000000e-01	
7.5000000000000000e-01	
-7.5000000000000000e-01	
1.6299999999999955e+00	
7.5000000000000000e-01	
1.0000000000000000e+00	
0.0000000000000000e+00	
-2.5000000000000000e+00	
0.0000000000000000e+00	
3.5000000000000000e+00	
1.1200000000000045e+00	
-8.7000000000000455e-01	
-5.0000000000000000e-01	
8.7000000000000455e-01	
3.7999999999999545e-01	
-1.2999999999999545e-01	
0.0000000000000000e+00	
-1.8700000000000045e+00	
1.1200000000000045e+00	
3.7999999999999545e-01	
1.1200000000000045e+00	
-5.0000000000000000e-01	
-5.0000000000000000e-01	
-1.6200000000000045e+00	
0.0000000000000000e+00	
-7.5000000000000000e-01	
1.1200000000000045e+00	
-2.8700000000000045e+00	
3.7000000000000455e-01	
1.2999999999999545e-01	
1.2500000000000000e+00	
-3.7999999999999545e-01	
-1.2000000000000455e-01	
1.0000000000000000e+00	
-8.7999999999999545e-01	
0.0000000000000000e+00	
-2.5000000000000000e-01	
6.2999999999999545e-01	
1.0000000000000000e+00	
-1.2500000000000000e+00	
1.3700000000000045e+00	
8.7999999999999545e-01	
1.0000000000000000e+00	
1.3700000000000045e+00	
-1.6200000000000045e+00	
-8.7999999999999545e-01	
1.2999999999999545e-01	
-2.3799999999999955e+00	
-1.7500000000000000e+00	
-1.1200000000000045e+00	
0.0000000000000000e+00	
-1.6299999999999955e+00	
-1.7500000000000000e+00	
7.5000000000000000e-01	
-6.2000000000000455e-01	
1.2000000000000455e-01	
-1.8700000000000045e+00	
-1.6299999999999955e+00	
-4.2500000000000000e+00	
-8.7000000000000455e-01	
1.2000000000000455e-01	
1.2999999999999545e-01	
-1.2500000000000000e+00	
1.7500000000000000e+00	
6.2000000000000455e-01	
6.2999999999999545e-01	
-1.2500000000000000e+00	
-2.3799999999999955e+00	
8.7999999999999545e-01	
-1.7500000000000000e+00	
-1.5000000000000000e+00	
-2.1299999999999955e+00	
3.5000000000000000e+00	
4.0000000000000000e+00	
-7.5000000000000000e-01	
2.5000000000000000e-01	
-2.1200000000000045e+00	
1.2000000000000455e-01	
0.0000000000000000e+00	
6.2999999999999545e-01	
-1.2999999999999545e-01	
0.0000000000000000e+00	
3.1299999999999955e+00	
3.7000000000000455e-01	
1.6299999999999955e+00	
3.7000000000000455e-01	
-2.8700000000000045e+00	
-6.2999999999999545e-01	
7.5000000000000000e-01	
2.1299999999999955e+00	
1.1200000000000045e+00	
-5.0000000000000000e-01	
-1.1200000000000045e+00	
-1.7500000000000000e+00	
1.3700000000000045e+00	
-1.0000000000000000e+00	
-1.0000000000000000e+00	
2.0000000000000000e+00	
2.6299999999999955e+00	
-7.5000000000000000e-01	
-8.7999999999999545e-01	
5.0000000000000000e-01	
3.7999999999999545e-01	
1.2500000000000000e+00	
-4.1299999999999955e+00	
-1.8700000000000045e+00	
-2.5000000000000000e+00	
-7.5000000000000000e-01	
-1.0000000000000000e+00	
1.2000000000000455e-01	
1.3799999999999955e+00	
4.6200000000000045e+00	
2.2500000000000000e+00	
1.2999999999999545e-01	
-1.0000000000000000e+00	
1.8700000000000045e+00	
-5.0000000000000000e-01	
-1.5000000000000000e+00	
-6.2000000000000455e-01	
3.7000000000000455e-01	
-8.7000000000000455e-01	
1.7500000000000000e+00	
1.1200000000000045e+00	
-5.0000000000000000e-01	
0.0000000000000000e+00	
-1.3700000000000045e+00	
1.0000000000000000e+00	
2.7500000000000000e+00	
2.7500000000000000e+00	
-1.0000000000000000e+00	
1.5000000000000000e+00	
-8.7999999999999545e-01	
1.0000000000000000e+00	
1.1299999999999955e+00	
-1.3799999999999955e+00	
7.5000000000000000e-01	
0.0000000000000000e+00	
-1.5000000000000000e+00	
1.2500000000000000e+00	
-3.7000000000000455e-01	
-1.1299999999999955e+00	
-3.7000000000000455e-01	
1.6200000000000045e+00	
-2.5000000000000000e-01	
1.3799999999999955e+00	
-1.2999999999999545e-01	
-3.1200000000000045e+00	
1.0000000000000000e+00	
8.7000000000000455e-01	
-5.0000000000000000e-01	
1.5000000000000000e+00	
-1.5000000000000000e+00	
-1.6200000000000045e+00	
2.5000000000000000e-01	
2.0000000000000000e+00	
-7.5000000000000000e-01	
1.0000000000000000e+00	
1.2000000000000455e-01	
0.0000000000000000e+00	
0.0000000000000000e+00	
-3.7000000000000455e-01	
1.2000000000000455e-01	
-2.5000000000000000e-01	
-3.7000000000000455e-01	
0.0000000000000000e+00	
-8.7999999999999545e-01	
3.7999999999999545e-01	
-3.7999999999999545e-01	
-1.8700000000000045e+00	
-1.2500000000000000e+00	
-2.1299999999999955e+00	
1.5000000000000000e+00	
-2.5000000000000000e-01	
-1.3700000000000045e+00	
7.5000000000000000e-01	
1.6200000000000045e+00	
6.6299999999999955e+00	
1.8700000000000045e+00	
2.0000000000000000e+00	
-1.6200000000000045e+00	
1.2500000000000000e+00	
1.7500000000000000e+00	
1.6200000000000045e+00	
1.6299999999999955e+00	
2.5000000000000000e-01	
2.5000000000000000e+00	
-2.5000000000000000e-01	
1.2000000000000455e-01	
5.0000000000000000e-01	
1.1299999999999955e+00	
1.3700000000000045e+00	
-1.3700000000000045e+00	
1.0000000000000000e+00	
2.8700000000000045e+00	
3.7999999999999545e-01	
1.8700000000000045e+00	
5.0000000000000000e-01	
2.2500000000000000e+00	
0.0000000000000000e+00	
2.1299999999999955e+00	
-1.6299999999999955e+00	
-2.3700000000000045e+00	
-2.2500000000000000e+00	
3.7000000000000455e-01	
-3.8700000000000045e+00	
1.1200000000000045e+00	
-2.1200000000000045e+00	
2.2500000000000000e+00	
-3.7999999999999545e-01	
2.8799999999999955e+00	
-6.2999999999999545e-01	
-3.7000000000000455e-01	
-1.2500000000000000e+00	
-2.1299999999999955e+00	
-2.1200000000000045e+00	
2.1200000000000045e+00	
-1.0000000000000000e+00	
-1.5000000000000000e+00	
1.2500000000000000e+00	
-1.2750000000000000e+01	
-1.0000000000000000e+00	
-2.2500000000000000e+00	
-2.5000000000000000e-01	
1.8799999999999955e+00	
3.7000000000000455e-01	
0.0000000000000000e+00	
0.0000000000000000e+00	
0.0000000000000000e+00	
-1.6200000000000045e+00	
1.0000000000000000e+00	
-1.2999999999999545e-01	
3.7999999999999545e-01	
-8.7999999999999545e-01	
3.7999999999999545e-01	
-1.7500000000000000e+00	
0.0000000000000000e+00	
-6.2999999999999545e-01	
-2.1200000000000045e+00	
-1.6299999999999955e+00	
2.3799999999999955e+00	
6.2000000000000455e-01	
-1.2000000000000455e-01	
-2.5000000000000000e-01	
-1.0000000000000000e+00	
-1.2999999999999545e-01	
-1.2000000000000455e-01	
-2.5000000000000000e-01	
-6.2999999999999545e-01	
-2.5000000000000000e+00	
-1.8700000000000045e+00	
1.0000000000000000e+00	
1.8700000000000045e+00	
-2.2500000000000000e+00	
-2.5000000000000000e-01	
-1.5000000000000000e+00	
1.8799999999999955e+00	
2.1200000000000045e+00	
-2.5000000000000000e+00	
2.5000000000000000e+00	
1.2999999999999545e-01	
-3.2500000000000000e+00	
1.3700000000000045e+00	
-3.7000000000000455e-01	
-5.0000000000000000e-01	
-1.7500000000000000e+00	
3.1200000000000045e+00	
0.0000000000000000e+00	
3.7999999999999545e-01	
0.0000000000000000e+00	
1.2000000000000455e-01	
-1.0000000000000000e+00	
2.5000000000000000e-01	
1.7500000000000000e+00	
2.5000000000000000e-01	
-1.3700000000000045e+00	
-1.7500000000000000e+00	
-2.5000000000000000e-01	
-1.0000000000000000e+00	
3.7000000000000455e-01	
-1.2000000000000455e-01	
-7.5000000000000000e-01	
-8.7999999999999545e-01	
-2.5000000000000000e-01	
-8.7000000000000455e-01	
1.3700000000000045e+00	
1.2999999999999545e-01	
-1.8799999999999955e+00	
5.0000000000000000e-01	
-1.2500000000000000e+00	
1.0000000000000000e+00	
-7.5000000000000000e-01	
-1.0000000000000000e+00	
-5.0000000000000000e-01	
1.2500000000000000e+00	
7.5000000000000000e-01	
-1.0000000000000000e+00	
0.0000000000000000e+00	
5.0000000000000000e-01	
1.8799999999999955e+00	
-1.0000000000000000e+00	
-7.5000000000000000e-01	
-5.0000000000000000e-01	
1.1200000000000045e+00	
-1.2000000000000455e-01	
-2.6299999999999955e+00	
-3.7000000000000455e-01	
2.0000000000000000e+00	
2.2500000000000000e+00	
1.5000000000000000e+00	
-1.3799999999999955e+00	
1.2999999999999545e-01	
-2.5000000000000000e-01	
0.0000000000000000e+00	
8.7000000000000455e-01	
2.5000000000000000e-01	
-3.7000000000000455e-01	
0.0000000000000000e+00	
-1.0000000000000000e+00	
7.5000000000000000e-01	
-6.2999999999999545e-01	
-1.3700000000000045e+00	
2.5000000000000000e-01	
-3.7999999999999545e-01	
-2.5000000000000000e-01	
3.7999999999999545e-01	
-5.0000000000000000e-01	
-1.2999999999999545e-01	
-1.8700000000000045e+00	
-1.5000000000000000e+00	
7.5000000000000000e-01	
-1.2999999999999545e-01	
-1.2500000000000000e+00	
5.0000000000000000e-01	
2.5000000000000000e-01	
1.2999999999999545e-01	
-7.5000000000000000e-01	
1.0000000000000000e+00	
1.3700000000000045e+00	
0.0000000000000000e+00	
1.1299999999999955e+00	
6.2000000000000455e-01	
-3.7000000000000455e-01	
1.1200000000000045e+00	
1.6299999999999955e+00	
-1.3799999999999955e+00	
1.7500000000000000e+00	
2.6299999999999955e+00	
-1.1299999999999955e+00	
7.5000000000000000e-01	
1.2500000000000000e+00	
5.0000000000000000e-01	
-5.0000000000000000e-01	
-6.2000000000000455e-01	
3.7000000000000455e-01	
1.2500000000000000e+00	
-8.7000000000000455e-01	
-1.2999999999999545e-01	
-2.6200000000000045e+00	
1.3700000000000045e+00	
-1.0000000000000000e+00	
-1.5000000000000000e+00	
-2.1200000000000045e+00	
-7.5000000000000000e-01	
6.2000000000000455e-01	
-8.7000000000000455e-01	
-7.5000000000000000e-01	
2.5000000000000000e+00	
1.2000000000000455e-01	
1.3799999999999955e+00	
3.0000000000000000e+00	
-2.6299999999999955e+00	
-1.7500000000000000e+00	
5.0000000000000000e-01	
-1.2000000000000455e-01	
-1.7500000000000000e+00	
0.0000000000000000e+00	
-2.5000000000000000e-01	
-2.5000000000000000e-01	
2.5000000000000000e-01	
6.2000000000000455e-01	
1.3799999999999955e+00	
-2.0000000000000000e+00	
1.2000000000000455e-01	
-1.3700000000000045e+00	
-3.7999999999999545e-01	
0.0000000000000000e+00	
3.2500000000000000e+00	
3.7999999999999545e-01	
-1.2999999999999545e-01	
-7.5000000000000000e-01	
-5.0000000000000000e-01	
1.1299999999999955e+00	
-3.7500000000000000e+00	
1.0000000000000000e+00	
-7.5000000000000000e-01	
-1.0000000000000000e+00	
-1.2999999999999545e-01	
-6.2000000000000455e-01	
3.7000000000000455e-01	
2.7500000000000000e+00	
-3.6200000000000045e+00	
0.0000000000000000e+00	
-1.7500000000000000e+00	
-2.5000000000000000e-01	
-1.0000000000000000e+00	
-1.2500000000000000e+00	
2.5000000000000000e-01	
-1.2500000000000000e+00	
-3.8799999999999955e+00	
1.1299999999999955e+00	
1.5000000000000000e+00	
8.7000000000000455e-01	
-6.2000000000000455e-01	
-1.1299999999999955e+00	
-1.3700000000000045e+00	
7.5000000000000000e-01	
-1.3799999999999955e+00	
8.7999999999999545e-01	
2.5000000000000000e+00	
-1.2999999999999545e-01	
0.0000000000000000e+00	
1.2999999999999545e-01	
1.1200000000000045e+00	
1.0000000000000000e+00	
-1.3700000000000045e+00	
0.0000000000000000e+00	
1.2500000000000000e+00	
1.2000000000000455e-01	
1.8799999999999955e+00	
2.3700000000000045e+00	
-2.2500000000000000e+00	
-1.1200000000000045e+00	
-3.7999999999999545e-01	
-6.2000000000000455e-01	
2.1200000000000045e+00	
3.0000000000000000e+00	
1.2999999999999545e-01	
8.7000000000000455e-01	
-1.1200000000000045e+00	
-2.3799999999999955e+00	
2.7500000000000000e+00	
-2.1200000000000045e+00	
-3.7999999999999545e-01	
6.2999999999999545e-01	
-5.0000000000000000e-01	
-1.3799999999999955e+00	
-1.2000000000000455e-01	
-1.7500000000000000e+00	
1.3700000000000045e+00	
8.7999999999999545e-01	
-1.0000000000000000e+00	
-1.3799999999999955e+00	
-6.2000000000000455e-01	
5.0000000000000000e-01	
5.0000000000000000e-01	
1.8700000000000045e+00	
-1.3700000000000045e+00	
-1.0000000000000000e+00	
0.0000000000000000e+00	
-1.2999999999999545e-01	
0.0000000000000000e+00	
1.2999999999999545e-01	
1.2000000000000455e-01	
-5.0000000000000000e-01	
-1.1200000000000045e+00	
0.0000000000000000e+00	
-5.0000000000000000e-01	
-8.7999999999999545e-01	
6.2999999999999545e-01	
7.5000000000000000e-01	
-8.7999999999999545e-01	
-7.5000000000000000e-01	
-2.5000000000000000e-01	
1.0000000000000000e+00	
5.0000000000000000e-01	
-1.2000000000000455e-01	
1.3700000000000045e+00	
5.0000000000000000e-01	
-8.7000000000000455e-01	
-1.1299999999999955e+00	
-1.2000000000000455e-01	
-1.6299999999999955e+00	
2.5000000000000000e-01	
-5.0000000000000000e-01	
-3.7000000000000455e-01	
-1.2999999999999545e-01	
-1.0000000000000000e+00	
-8.7000000000000455e-01	
1.2000000000000455e-01	
1.2999999999999545e-01	
-6.2999999999999545e-01	
-6.2000000000000455e-01	
-5.0000000000000000e-01	
1.3700000000000045e+00	
-7.5000000000000000e-01	
2.5000000000000000e+00	
2.5000000000000000e-01	
8.7999999999999545e-01	
1.5000000000000000e+00	
7.5000000000000000e-01	
2.5000000000000000e-01	
1.2000000000000455e-01	
0.0000000000000000e+00	
8.7999999999999545e-01	
5.0000000000000000e-01	
1.2000000000000455e-01	
-8.7000000000000455e-01	
-1.1299999999999955e+00	
0.0000000000000000e+00	
3.7999999999999545e-01	
-3.7999999999999545e-01	
2.6299999999999955e+00	
-1.2999999999999545e-01	
1.8799999999999955e+00	
1.3700000000000045e+00	
-5.0000000000000000e-01	
3.7999999999999545e-01	
-6.2999999999999545e-01	
7.5000000000000000e-01	
-3.7000000000000455e-01	
-1.1299999999999955e+00	
-6.2000000000000455e-01	
-1.2999999999999545e-01	
-8.7000000000000455e-01	
1.7500000000000000e+00	
-8.7999999999999545e-01	
-1.2000000000000455e-01	
2.5000000000000000e-01	
0.0000000000000000e+00	
-1.2500000000000000e+00	
3.7000000000000455e-01	
2.5000000000000000e-01	
-3.7000000000000455e-01	
-1.2999999999999545e-01	
0.0000000000000000e+00	
-8.7000000000000455e-01	
-7.5000000000000000e-01	
1.3700000000000045e+00	
6.2999999999999545e-01	
-3.7999999999999545e-01	
-5.0000000000000000e-01	
1.8799999999999955e+00	
1.0000000000000000e+00	
1.1200000000000045e+00	
-1.0000000000000000e+00	
-5.0000000000000000e-01	
1.8799999999999955e+00	
5.0000000000000000e-01	
2.5000000000000000e-01	
6.2000000000000455e-01	
1.7500000000000000e+00	
-5.0000000000000000e-01	
1.2999999999999545e-01	
1.3700000000000045e+00	
-7.5000000000000000e-01	
3.7999999999999545e-01	
-1.3799999999999955e+00	
0.0000000000000000e+00	
1.2500000000000000e+00	
-1.3700000000000045e+00	
1.1200000000000045e+00	
-3.7000000000000455e-01	
1.2000000000000455e-01	
2.5000000000000000e-01	
0.0000000000000000e+00	
1.3799999999999955e+00	
1.0000000000000000e+00	
-5.2500000000000000e+00	
-2.1299999999999955e+00	
8.7999999999999545e-01	
-1.2500000000000000e+00	
2.5000000000000000e-01	
0.0000000000000000e+00	
-3.7999999999999545e-01	
1.3799999999999955e+00	
6.2000000000000455e-01	
1.0000000000000000e+00	
-6.2000000000000455e-01	
1.2000000000000455e-01	
-6.2000000000000455e-01	
-2.6299999999999955e+00	
-3.3700000000000045e+00	
-1.1299999999999955e+00	
1.3799999999999955e+00	
-5.0000000000000000e-01	
3.7000000000000455e-01	
-2.5000000000000000e-01	
2.5000000000000000e-01	
2.5000000000000000e-01	
-6.2000000000000455e-01	
-1.3799999999999955e+00	
-7.5000000000000000e-01	
1.2999999999999545e-01	
-8.7999999999999545e-01	
2.0000000000000000e+00	
-7.5000000000000000e-01	
1.0000000000000000e+00	
-1.2000000000000455e-01	
-6.2999999999999545e-01	
1.0000000000000000e+00	
-1.2000000000000455e-01	
-8.7999999999999545e-01	
-6.2000000000000455e-01	
0.0000000000000000e+00	
1.2000000000000455e-01	
7.5000000000000000e-01	
6.2999999999999545e-01	
5.0000000000000000e-01	
3.7000000000000455e-01	
-2.8700000000000045e+00	
-2.3799999999999955e+00	
6.2999999999999545e-01	
-2.5000000000000000e-01	
8.7000000000000455e-01	
-1.1200000000000045e+00	
3.7000000000000455e-01	
-1.1200000000000045e+00	
-2.5000000000000000e-01	
5.0000000000000000e-01	
-1.7500000000000000e+00	
-2.5000000000000000e-01	
-6.2999999999999545e-01	
-1.6200000000000045e+00	
3.7000000000000455e-01	
8.7999999999999545e-01	
-1.3799999999999955e+00	
1.0000000000000000e+00	
