-2.5156702547060045e-01	
1.2089018064050392e+00	
-1.1183444341544784e+00	
-3.8980002041219880e-01	
4.5159138837633883e-01	
5.9824165089780068e-01	
6.3512117861124273e-01	
6.1499475218939770e-01	
6.6219009953442365e-01	
5.6937363543461739e-01	
7.4271635998611762e-01	
3.9645849348742757e-01	
1.0030885684266384e+00	
-2.9485036157161931e-01	
1.1808435146107088e+00	
-1.0397378070600800e+00	
-1.6017601085882130e-01	
6.5283741925092931e-01	
3.5747014426960305e-01	
1.0162830370499139e+00	
-3.4388399572075956e-01	
1.1407708973708799e+00	
-9.2525762601168327e-01	
1.4416065700721772e-01	
6.9307270114440844e-01	
3.6987050084168510e-01	
1.0163712567231848e+00	
-3.3314290569899652e-01	
1.1506230593695959e+00	
-9.4768872178502150e-01	
8.6176712172283107e-02	
7.0365160702059759e-01	
3.3193545035427380e-01	
1.0586208488876274e+00	
-4.7032096659972811e-01	
1.0062051778330479e+00	
-5.6436641549460353e-01	
8.5670327426534665e-01	
-1.9703391204207010e-01	
1.2018785618552283e+00	
-1.0824489701487463e+00	
-2.8399109297589764e-01	
5.6462850607534132e-01	
4.7348517532984280e-01	
8.5616279912342530e-01	
1.1545670382226796e-01	
1.2391958692630149e+00	
-1.1164353237937170e+00	
-3.6939209924473759e-01	
4.7436759466250783e-01	
5.7314253588161057e-01	
6.8082891352342312e-01	
5.2263740617343946e-01	
8.2260927103286086e-01	
2.1020337622633167e-01	
1.1832936016003492e+00	
-8.9980005179336853e-01	
2.2159138383243082e-01	
6.6115919605899198e-01	
4.5600295017568349e-01	
9.0864302929019614e-01	
-1.9557195696428119e-02	
1.2710596985787559e+00	
-1.2714403915518953e+00	
-8.8120749949308097e-01	
-4.7091312001649005e-01	
4.2520640406571947e-01	
6.0541250170105110e-01	
6.1295373569316602e-01	
6.5331163915512103e-01	
5.8436065958292360e-01	
7.1822561361620862e-01	
4.5740498243925670e-01	
9.2392953957669299e-01	
-5.9260318509959019e-02	
1.2730294101945689e+00	
-1.2843581370198642e+00	
-9.2577014720912099e-01	
-5.8783785641399056e-01	
2.3529874778272647e-01	
7.4592690575807608e-01	
2.9336157480649583e-01	
1.1022285765117183e+00	
-6.1559652268692633e-01	
8.0211260268302631e-01	
-8.3229104728014439e-02	
1.2296192501134973e+00	
-1.1456308491317906e+00	
-4.6753903176101758e-01	
3.4963885690207486e-01	
6.8715191140877463e-01	
4.4442809075016515e-01	
9.3142349566171734e-01	
-8.1307047043443673e-02	
1.2702919765557270e+00	
-1.2833706561484532e+00	
-9.2533976539855123e-01	
-5.7833335082976389e-01	
2.5465165786208460e-01	
7.3443450344897654e-01	
3.1755652016837738e-01	
1.0808873970997819e+00	
-5.3617207786618581e-01	
9.1690348957316581e-01	
-3.4480416275054077e-01	
1.1090271244096783e+00	
-8.2704205478310955e-01	
3.7440122055180491e-01	
5.5366269950655933e-01	
6.8080554689566342e-01	
5.1912709342350738e-01	
8.2989735570754386e-01	
1.9115212003752785e-01	
1.1973879735273973e+00	
-9.5595055110126093e-01	
8.6351693238734789e-02	
7.0224540164084959e-01	
3.3338525597992996e-01	
1.0554449534849608e+00	
-4.6184657354744246e-01	
1.0189899575414851e+00	
-5.8948004759257477e-01	
8.1506845599383293e-01	
-1.1023218021510980e-01	
1.2262624009537291e+00	
-1.1444282807242816e+00	
-4.6150326454597962e-01	
3.5925167672780917e-01	
6.8097428800875581e-01	
4.5744833491301795e-01	
9.1294932098580150e-01	
-3.3020781454516139e-02	
1.2713199093453440e+00	
-1.2786830565926255e+00	
-9.0219445721767366e-01	
-5.2097014839360245e-01	
3.5162531002744413e-01	
6.7278937764864999e-01	
4.7294979325389047e-01	
8.8391516371035950e-01	
4.1954104324502001e-02	
1.2633504730047904e+00	
-1.2232314165112055e+00	
-7.1419159007455246e-01	
-7.6457396346787360e-02	
7.7828666889682740e-01	
1.3148680546218747e-01	
1.2109443529129327e+00	
-1.0086850452631477e+00	
-6.5871252311876044e-02	
6.9102366527728298e-01	
3.1167765846993045e-01	
1.0712190069345846e+00	
-5.1526895379186755e-01	
9.5208861521276922e-01	
-4.2198683211361876e-01	
1.0348099279311889e+00	
-6.2660558785889786e-01	
7.6019824521884261e-01	
2.2696925544309207e-03	
1.2271858390906178e+00	
-1.1104256139071518e+00	
-3.5875466235015901e-01	
4.8747777897714589e-01	
5.5956431370628157e-01	
7.0931328281956529e-01	
4.6538953202429351e-01	
9.1051147321712400e-01	
-2.2168784467585499e-02	
1.2725255455754783e+00	
-1.2734487650602320e+00	
-8.9114818561554976e-01	
-4.9115306759831395e-01	
3.9402914402423284e-01	
6.3267867299369673e-01	
5.5609150480671810e-01	
7.6061685934598233e-01	
3.5495882008992474e-01	
1.0517745865813524e+00	
-4.4291541078207036e-01	
1.0379823475190681e+00	
-6.4782533111241491e-01	
7.2588891062423477e-01	
6.7381017126500617e-02	
1.2111824206167818e+00	
-1.0344548054426681e+00	
-1.3636673377769232e-01	
6.6406685293552381e-01	
3.4241233640247914e-01	
1.0366533427864630e+00	
-3.9768119358649318e-01	
1.0886634283176502e+00	
-7.8119981328945931e-01	
4.7143099005385303e-01	
4.5219442962952178e-01	
8.5521379554528487e-01	
1.1231328376968026e-01	
1.2382590187464091e+00	
-1.1145177083668636e+00	
-3.6842833313688633e-01	
4.7544315125089959e-01	
5.7494725872814179e-01	
6.7927451230061919e-01	
5.2358675626521645e-01	
8.2010201161521767e-01	
2.1514879837148926e-01	
1.1836008064107451e+00	
-8.9549291518682583e-01	
2.3526146014945232e-01	
6.5321326435533611e-01	
4.6941448213772702e-01	
8.8726290618561587e-01	
4.0311981987868124e-02	
1.2631797458472933e+00	
-1.2245008843589555e+00	
-7.1498421321755101e-01	
-8.3061139317808411e-02	
7.7616634662584350e-01	
1.3255824793167381e-01	
1.2073359125623693e+00	
-1.0010294580991603e+00	
-4.1276337836015309e-02	
6.9673977154955458e-01	
3.0945015262864645e-01	
1.0758688564545253e+00	
-5.3218078381041056e-01	
9.2728240676552320e-01	
-3.6591128844246557e-01	
1.0929609570669783e+00	
-7.8082462296540167e-01	
4.7431764778513202e-01	
4.4973892482662475e-01	
8.5866932839996446e-01	
9.8989281211018465e-02	
1.2441750538375620e+00	
-1.1362542320123783e+00	
-4.3772074640108333e-01	
3.8989996355339401e-01	
6.5542706239164783e-01	
5.1559284113826620e-01	
8.2578150646579696e-01	
1.9999985624535782e-01	
1.1912120588186994e+00	
-9.2575559601919799e-01	
1.6003349477831261e-01	
6.8606442540204660e-01	
3.8568295780315426e-01	
9.9480403368580816e-01	
-2.7145511987803250e-01	
1.1953801523396848e+00	
-1.0819225490495028e+00	
-2.8104613428311559e-01	
5.6557592772922816e-01	
4.6722388080779598e-01	
8.6220505011373949e-01	
1.0015575699234136e-01	
1.2446139937345331e+00	
-1.1356543903396441e+00	
-4.3625189488068417e-01	
3.9307791034941453e-01	
6.5140199803256882e-01	
5.2119804767283884e-01	
8.1381914845475589e-01	
2.3024359615433482e-01	
1.1692901890721474e+00	
-8.4674170487719291e-01	
3.4775446716635111e-01	
5.7582359432908148e-01	
6.3920598071766355e-01	
5.9960852748427718e-01	
6.8891079931833199e-01	
5.1384295623496345e-01	
8.3403315784478915e-01	
1.7769068147825132e-01	
1.2047943334128122e+00	
-9.8113109600624104e-01	
1.6295654609550212e-02	
7.0530113987308396e-01	
3.0875463075687642e-01	
1.0789526870921649e+00	
-5.3927504219172206e-01	
9.1895607162021831e-01	
-3.4539120225413256e-01	
1.1074125368507837e+00	
-8.2506550472876561e-01	
3.8115360261044223e-01	
5.4943599748144589e-01	
6.9088564680486730e-01	
4.9745962740805455e-01	
8.6188916536986859e-01	
1.1114169097116292e-01	
1.2421190983544381e+00	
-1.1218656253611299e+00	
-3.9282268048618663e-01	
4.4631456721623719e-01	
6.0240977949348651e-01	
6.2604884956576989e-01	
6.2914971232780392e-01	
6.3146854139337483e-01	
6.3321172648024859e-01	
6.3398303186926186e-01	
6.2738854727138449e-01	
6.4230882204483142e-01	
6.1033651528658028e-01	
6.7167355146913466e-01	
5.5289287310600799e-01	
7.7641063354577211e-01	
3.2670037479894637e-01	
1.0847800152612783e+00	
-5.4599103474459343e-01	
9.0590048107571364e-01	
-3.1708183034258669e-01	
1.1348415711241255e+00	
-8.9001899911831295e-01	
2.3149636118117789e-01	
6.5720256967120116e-01	
4.6258445056419623e-01	
8.9700204316044330e-01	
1.0327299603974504e-02	
1.2683904846997831e+00	
-1.2518154042909908e+00	
-8.1179570474053075e-01	
-2.9615674277678999e-01	
6.3349192211730510e-01	
3.4770202499702080e-01	
1.0191412637380317e+00	
-3.5152637079882282e-01	
1.1310318101480876e+00	
-8.9817552956547786e-01	
2.0426280612980799e-01	
6.7187297370332166e-01	
4.3152248134581511e-01	
9.4213560960865816e-01	
-1.0647714352092547e-01	
1.2671230260777260e+00	
-1.2748795247143432e+00	
-8.9707017309704895e-01	
-5.0809746519848176e-01	
3.6831227536817662e-01	
6.5734293579009917e-01	
5.0584467037136083e-01	
8.4019751787335328e-01	
1.6713028026489007e-01	
1.2112043227600788e+00	
-1.0097794199106549e+00	
-6.0629687348622008e-02	
6.9202882376720898e-01	
3.1116370390472642e-01	
1.0729822298483025e+00	
-5.1742305494779728e-01	
9.4884350315628119e-01	
-4.1388567000745258e-01	
1.0473754486572102e+00	
-6.5482967951919835e-01	
7.1322555792642395e-01	
8.8374018773610813e-02	
1.2018455051153107e+00	
-9.9772446881397647e-01	
-3.6466633580161167e-02	
7.0024211676709935e-01	
3.0421329956601989e-01	
1.0778635094568787e+00	
-5.3773730355597305e-01	
9.2085781335406136e-01	
-3.4626839374978474e-01	
1.1095785464360652e+00	
-8.2398336498388647e-01	
3.8533900101789142e-01	
5.4574179025149594e-01	
6.9860649281341902e-01	
4.8034135742840123e-01	
8.8727065266918248e-01	
4.3296713988204387e-02	
1.2625685809886829e+00	
-1.2241678862531415e+00	
-7.1331582342321598e-01	
-7.9709253379842374e-02	
7.7738844345575331e-01	
1.3126888609261170e-01	
1.2090353783470160e+00	
-1.0081006266659802e+00	
-5.8679050181630506e-02	
6.9334252313105138e-01	
3.1112630735043195e-01	
1.0708943437788951e+00	
-5.1812981529414426e-01	
9.4519811667305242e-01	
-4.0753795293864908e-01	
1.0511810482497610e+00	
-6.7143309931700013e-01	
6.8805264770238539e-01	
1.3545605851255763e-01	
1.1810929723458259e+00	
-9.1041091377736372e-01	
1.9487073074134287e-01	
6.7418306412066731e-01	
4.2285402320427284e-01	
9.5202218617552026e-01	
-1.3841942108649821e-01	
1.2594167171137556e+00	
-1.2589631422989924e+00	
-8.3985847083148102e-01	
-3.6527469608244306e-01	
5.5983478397104880e-01	
4.5016227258610209e-01	
8.8048297302481959e-01	
4.4764317023513744e-02	
1.2618984347201398e+00	
-1.2173579760381823e+00	
-6.9039311319705843e-01	
-3.3831221586082455e-02	
7.9212684900859154e-01	
1.1250256277787714e-01	
1.2199382245943544e+00	
-1.0458881298409937e+00	
-1.6873352863183763e-01	
6.4467926037548651e-01	
3.6572757427916447e-01	
1.0068883497353194e+00	
-3.0948666640365508e-01	
1.1683455096438742e+00	
-1.0048645023919407e+00	
-5.8843684650907946e-02	
6.9281856480883819e-01	
3.0959993737374342e-01	
1.0760881412615342e+00	
-5.2582996895519252e-01	
9.3524465627633635e-01	
-3.7932685538650585e-01	
1.0773491496920387e+00	
-7.3669637645098718e-01	
5.6254812009286548e-01	
3.3596604289175169e-01	
1.0103151707037283e+00	
-3.3132218834685984e-01	
1.1507193461534526e+00	
-9.5206907298431342e-01	
8.2371164754730553e-02	
7.0638828165461010e-01	
3.2586943016013054e-01	
1.0631884354238126e+00	
-4.8189467877909548e-01	
9.9335239176649204e-01	
-5.2805363049885778e-01	
9.0932994296021086e-01	
-3.1306270107350437e-01	
1.1331043428965397e+00	
-8.9512937724691466e-01	
2.1560144176586707e-01	
6.6535652063400996e-01	
4.4322292739323466e-01	
9.2137175059204024e-01	
-5.9192707298835114e-02	
1.2723315357684173e+00	
-1.2827510965669870e+00	
-9.2262285976069225e-01	
-5.7570089951774328e-01	
2.5948479518860279e-01	
7.3305630518994158e-01	
3.2628599925197777e-01	
1.0718086983545370e+00	
-5.1000578326261248e-01	
9.5735329987424900e-01	
-4.3337701895632824e-01	
1.0239758739896159e+00	
-5.9871256775904225e-01	
8.0462121597903102e-01	
-8.5976123601042370e-02	
1.2312246420579980e+00	
-1.1476588520042692e+00	
-4.7577830685936384e-01	
3.4087722660821085e-01	
6.9514191176398654e-01	
4.2951513587745832e-01	
9.5202050828975648e-01	
-1.4081751128506681e-01	
1.2579309598127590e+00	
-1.2577074167401776e+00	
-8.3305270312462332e-01	
-3.4794401963073401e-01	
5.8056796118765930e-01	
4.2366445431997962e-01	
9.2429936901191634e-01	
-6.5634054877195466e-02	
1.2695462290255881e+00	
-1.2824140249868980e+00	
-9.1576070212270899e-01	
-5.5707070557034111e-01	
2.9047937685478642e-01	
7.1585434628411904e-01	
3.7093533773918486e-01	
1.0216337137310398e+00	
-3.5049036437980580e-01	
1.1354081192475778e+00	
-9.1032396526030446e-01	
1.8235947521302023e-01	
6.8041342112333680e-01	
4.0755852793891628e-01	
9.7193696190029322e-01	
-1.9891746778185770e-01	
1.2376301777947267e+00	
-1.1978981511592037e+00	
-6.3963738727741748e-01	
6.8000057297118735e-02	
8.0183785266297880e-01	
1.1921781442157618e-01	
1.2211691179033939e+00	
-1.0499152350612904e+00	
-1.7375597349370106e-01	
6.4347705884800832e-01	
3.6993231626776113e-01	
1.0016671919435487e+00	
-2.9670446364928466e-01	
1.1772229560043181e+00	
-1.0299269834159874e+00	
-1.3097600604276388e-01	
6.6787522563217627e-01	
3.3936703657582884e-01	
1.0399583541809634e+00	
-4.1344819890805956e-01	
1.0748308322444728e+00	
-7.3786826375422532e-01	
5.5786194459887062e-01	
3.4169794695772870e-01	
1.0039135348926125e+00	
-3.0656192731190024e-01	
1.1672528745226192e+00	
-1.0037741638787883e+00	
-5.7374091612371524e-02	
6.9392330179943151e-01	
3.0595400252233279e-01	
1.0750740758764552e+00	
-5.2856860029341801e-01	
9.3025902658518422e-01	
-3.7162918238201004e-01	
1.0853156797547900e+00	
-7.6590954340697681e-01	
5.0822591786530280e-01	
4.0867120238984639e-01	
9.1801641164682724e-01	
-6.2505180728005386e-02	
1.2711804705174417e+00	
-1.2774496286519925e+00	
-9.0848626834942592e-01	
-5.3774297493719836e-01	
3.2667828587960307e-01	
6.9210625442232421e-01	
4.2529591460456923e-01	
9.5259348838521962e-01	
-1.4197634606960330e-01	
1.2556466603549759e+00	
-1.2552810973072772e+00	
-8.3018253335650816e-01	
-3.4006905171569218e-01	
5.8751815526556406e-01	
4.1248560047381633e-01	
9.3959123642212483e-01	
-1.1223442644892689e-01	
1.2629922799079136e+00	
-1.2718019107933161e+00	
-8.8408841565348428e-01	
-4.7469644209410200e-01	
4.1881406311313818e-01	
6.1417023235898194e-01	
5.9881027114341756e-01	
6.8109462309408564e-01	
5.2839002387865641e-01	
8.1145393527798004e-01	
2.3837265327491566e-01	
1.1645122039971032e+00	
-8.2596589216775962e-01	
3.9506781491650889e-01	
5.3514330105491237e-01	
7.1763298943088327e-01	
4.3930709655471045e-01	
9.4478278919785386e-01	
-1.1267572824786266e-01	
1.2655422675646411e+00	
-1.2755299994499241e+00	
-8.9691425788098234e-01	
-5.0140425476968675e-01	
3.7903980374498486e-01	
6.4561067257178550e-01	
5.2663389673577432e-01	
8.0817648518110008e-01	
2.4436886674046837e-01	
1.1569961214840725e+00	
-8.0832941555766979e-01	
4.3655566763842091e-01	
4.8950721664868857e-01	
7.9469907583696375e-01	
2.6346305455846131e-01	
1.1422940094617615e+00	
-7.4939948911372711e-01	
5.5635680157135370e-01	
3.4334308362168231e-01	
1.0058247092266559e+00	
-3.0676706369916334e-01	
1.1695474293516757e+00	
-1.0054469357681071e+00	
-6.6102623202910743e-02	
6.9191863775126761e-01	
3.1015479350744091e-01	
1.0740393263759063e+00	
-5.2089990611354364e-01	
9.4412270649582319e-01	
-4.0167829630096968e-01	
1.0576057219358967e+00	
-6.8536099675471229e-01	
6.5971725427824579e-01	
1.8708214720068883e-01	
1.1490671299404116e+00	
-7.8994206563598290e-01	
4.7033645290910298e-01	
4.5421326775082438e-01	
8.5176617426869849e-01	
1.2064780230294246e-01	
1.2340822002711707e+00	
-1.1007568000423615e+00	
-3.1996690091770358e-01	
5.2663629363645581e-01	
5.1703528553304556e-01	
7.8283246831233921e-01	
2.9303838056498965e-01	
1.1148444517537970e+00	
-6.5215106057913685e-01	
7.3700287625140271e-01	
4.3393523778251827e-02	
1.2197378934378276e+00	
-1.0648412881839542e+00	
-2.2506106777861570e-01	
6.0972260416640034e-01	
4.1351531807762593e-01	
9.4357825137369711e-01	
-1.2465493654890000e-01	
1.2601075569738660e+00	
-1.2644755644397350e+00	
-8.6626675722377344e-01	
-4.2618435614012939e-01	
4.8552624111228015e-01	
5.4213437394328956e-01	
7.3361835927509977e-01	
4.0841707745338723e-01	
9.8504800337657583e-01	
-2.4076637388750577e-01	
1.2145156243192072e+00	
-1.1411442601542885e+00	
-4.5059682810794882e-01	
3.7282632179783881e-01	
6.6832980487092908e-01	
4.8384764927111773e-01	
8.7475460870643584e-01	
7.9023996095155563e-02	
1.2525286541041067e+00	
-1.1693000848883148e+00	
-5.4806433329139248e-01	
2.2744181009337364e-01	
7.6251389502027744e-01	
2.5483444137450961e-01	
1.1361064506050034e+00	
-7.3649085563728833e-01	
5.7928067383879256e-01	
3.0547949180234729e-01	
1.0432980074209033e+00	
-4.3347673158881167e-01	
1.0511005739766448e+00	
-6.7522351135603853e-01	
6.7710765880110158e-01	
1.5892976983354060e-01	
1.1679610036589181e+00	
-8.6564112824889716e-01	
2.9766457384949585e-01	
6.1553195906497193e-01	
5.6012704684928005e-01	
7.4371345877958883e-01	
3.9154285659065580e-01	
1.0076261072252426e+00	
-3.0721946813382955e-01	
1.1705087564169105e+00	
-1.0103109120335314e+00	
-7.6044356861163162e-02	
6.8994878960149919e-01	
3.1069148886643139e-01	
1.0699037695740488e+00	
-5.0828866088578362e-01	
9.5880726084636636e-01	
-4.4045567245736733e-01	
1.0193450127982031e+00	
-5.8144639380895558e-01	
8.3173529790692213e-01	
-1.4215516256225691e-01	
1.2221065308501040e+00	
-1.1282403221300541e+00	
-4.1974206062917996e-01	
4.1416693045823533e-01	
6.3380327120291668e-01	
5.6267055751675532e-01	
7.4637460451812832e-01	
3.8695240387581376e-01	
1.0145184727936896e+00	
-3.2205472676589314e-01	
1.1597659693391515e+00	
-9.7593871058376158e-01	
1.4458213176364573e-02	
7.0693122726345048e-01	
3.0589908408569394e-01	
1.0806790050367054e+00	
-5.4770744219636747e-01	
9.0352968358049934e-01	
-3.0974096876472218e-01	
1.1396629550408288e+00	
-9.0657648149473402e-01	
1.9398752132874122e-01	
6.7502333439054207e-01	
4.1761089371315802e-01	
9.5837073431036079e-01	
-1.5808978643250540e-01	
1.2532145102665642e+00	
-1.2435339190475905e+00	
-7.8923973568440364e-01	
-2.4599945386103494e-01	
6.7779582662081239e-01	
2.8299922741604089e-01	
1.0920735598899802e+00	
-5.8405507646169075e-01	
8.4791843707035974e-01	
-1.8406145788400716e-01	
1.2077832173931113e+00	
-1.0956142945071818e+00	
-3.2019196398605304e-01	
5.2937793152205181e-01	
5.1083748748787339e-01	
7.8985071843069943e-01	
2.7839793816204794e-01	
1.1281425714369064e+00	
-6.9928763530713500e-01	
6.5337006293620792e-01	
1.9454038205464000e-01	
1.1425216590573661e+00	
-7.6823551002310664e-01	
5.1934626569933051e-01	
3.9472421495283661e-01	
9.3974106219373577e-01	
-1.1409532893244916e-01	
1.2619058962660830e+00	
-1.2680585819058008e+00	
-8.7361041489453473e-01	
-4.4740457968068337e-01	
4.5928403811471968e-01	
5.6942282351540963e-01	
6.8239293433825621e-01	
5.1715058883032095e-01	
8.2911950364690612e-01	
1.9893603425289064e-01	
1.1925229538493598e+00	
-9.3567866683991052e-01	
1.3113774639870543e-01	
6.9482830642118831e-01	
3.6359149436630905e-01	
1.0212397091958905e+00	
-3.5868093879807045e-01	
1.1267916467454864e+00	
-8.8631303364286973e-01	
2.3748617452688017e-01	
6.5471657547499285e-01	
4.6959197595321717e-01	
8.8644158893047187e-01	
3.9156634168428912e-02	
1.2646648552369626e+00	
-1.2237638529491899e+00	
-7.1943119173157377e-01	
-9.2522213213810420e-02	
7.7156092832677992e-01	
1.3898785046692344e-01	
1.2069229205182137e+00	
-9.8919630454330987e-01	
-1.1568768932172195e-02	
7.0358952569588717e-01	
3.0580665158551568e-01	
1.0798179186148331e+00	
-5.4360759263597080e-01	
9.1184683702354286e-01	
-3.2805597802565017e-01	
1.1245214880191527e+00	
-8.6642159797407625e-01	
2.8306236643739952e-01	
6.2815436212716014e-01	
5.3576225268528233e-01	
7.8758194873313070e-01	
2.9076208467715325e-01	
1.1166197029302642e+00	
-6.5979632251951725e-01	
7.2688976250079629e-01	
6.3565992073917527e-02	
1.2127282253135450e+00	
-1.0365841280548163e+00	
-1.4212156073923513e-01	
6.6223407700860826e-01	
3.4718800636195685e-01	
1.0285507918084360e+00	
-3.8378486624969271e-01	
1.1032033434532664e+00	
-8.2353831228991814e-01	
3.8248292134047163e-01	
5.5042771422608427e-01	
6.9517801173811533e-01	
4.9243554302574449e-01	
8.6546059658991448e-01	
9.6842828500689759e-02	
1.2471098837761159e+00	
-1.1501326293791376e+00	
-4.7686129134378935e-01	
3.3798367488697623e-01	
6.9803703135179196e-01	
4.1877492832517105e-01	
9.6480651186870969e-01	
-1.7457691438080780e-01	
1.2464522214783118e+00	
-1.2248353410776811e+00	
-7.3275058623040012e-01	
-1.2025524900659852e-01	
7.5794529188085824e-01	
1.5584478994561116e-01	
1.1944486665144822e+00	
-9.4936298727296264e-01	
9.8121932343511686e-02	
7.0172313922832952e-01	
3.3854777477537784e-01	
1.0485862249327742e+00	
-4.3873738909318377e-01	
1.0469084588009732e+00	
-6.6339776152383434e-01	
6.9896735126242171e-01	
1.1740864083188145e-01	
1.1907833267871222e+00	
-9.5069592221115629e-01	
9.4680970254769112e-02	
7.0097181395514963e-01	
3.3584704110619151e-01	
1.0532432313478577e+00	
-4.4755992056895011e-01	
1.0358974425089347e+00	
-6.3355692944827546e-01	
7.4744046601218805e-01	
2.9718121229546469e-02	
1.2239305678876982e+00	
-1.0854074040257458e+00	
-2.8024153535723673e-01	
5.6371503210783269e-01	
4.6886727827533314e-01	
8.5978936561963315e-01	
1.0627266023722166e-01	
1.2413210872078793e+00	
-1.1298208702623249e+00	
-4.1204027206231036e-01	
4.2218385471428022e-01	
6.2642572260292761e-01	
5.7852735939483713e-01	
7.1548626816597127e-01	
4.5487572302846557e-01	
9.2479706807688833e-01	
-6.2643289380335587e-02	
1.2746292199872433e+00	
-1.2856293606586389e+00	
-9.2785809117407936e-01	
-5.9203811671529671e-01	
2.3264738148894962e-01	
7.4707125984892242e-01	
2.8850463024898626e-01	
1.1073665077958612e+00	
-6.3386039873983802e-01	
7.7203754090143129e-01	
-2.3031713252772160e-02	
1.2306049423539598e+00	
-1.1278885209204954e+00	
-4.1135310245948242e-01	
4.2424899948438416e-01	
6.2562925676207382e-01	
5.8082197643279176e-01	
7.1385259376665366e-01	
4.5996907484988836e-01	
9.1848571425607417e-01	
-4.4764996076765685e-02	
1.2727682758071834e+00	
-1.2805409124807809e+00	
-9.1507393463562947e-01	
-5.6220353212948226e-01	
2.8218295801790610e-01	
7.1762465436308642e-01	
3.6215872241046654e-01	
1.0344031923394099e+00	
-3.8801048468866972e-01	
1.1001556902214427e+00	
-8.0920537758257138e-01	
4.1307427516075762e-01	
5.1912233646168704e-01	
7.4642304437808726e-01	
3.7477847218724875e-01	
1.0257380495606210e+00	
-3.6286700038892555e-01	
1.1223935087450492e+00	
-8.7634505798425733e-01	
2.6577260436276412e-01	
6.3970144273989527e-01	
5.0929618803142407e-01	
8.2938134001851915e-01	
1.9089970190072048e-01	
1.1988193967262040e+00	
-9.5224179972918543e-01	
8.8041124115675273e-02	
7.0473834305064742e-01	
3.3512275343456149e-01	
1.0564926881387917e+00	
-4.5920073490465374e-01	
1.0200693395802716e+00	
-5.9417206869118622e-01	
8.1117508097180568e-01	
-9.8351380229288202e-02	
1.2286169863131127e+00	
-1.1477083405653186e+00	
-4.6939972235641475e-01	
3.4585491356429759e-01	
6.9227940856164105e-01	
4.3442496636357208e-01	
9.4269575323456289e-01	
-1.1262101200711536e-01	
1.2640795679653356e+00	
-1.2729870610644876e+00	
-8.9373929027993659e-01	
-4.9709213768030136e-01	
3.8754480457324941e-01	
6.4340967813788041e-01	
5.4208918503640291e-01	
7.8083323106796698e-01	
3.0526160862188190e-01	
1.1019070100535377e+00	
-6.1343823821216381e-01	
8.0397309099503489e-01	
-9.1454518435703139e-02	
1.2304125547264078e+00	
-1.1465438907507162e+00	
-4.6673703868618788e-01	
3.5154303049841196e-01	
6.8695255200620398e-01	
4.4608322023145436e-01	
9.2949054626218375e-01	
-7.5421292913731411e-02	
1.2726624901578887e+00	
-1.2829166915608226e+00	
-9.2750751871142390e-01	
-5.8544472139065018e-01	
2.4261342301067429e-01	
7.4386211964102389e-01	
3.0258141837911867e-01	
1.0959984964030232e+00	
-5.8477489310869313e-01	
8.5066580173009931e-01	
-1.8696394241236561e-01	
1.2043290684761239e+00	
-1.0923692699952148e+00	
-3.0824418013783139e-01	
5.3909199965972920e-01	
4.9999965091263987e-01	
8.0986384190621541e-01	
2.2798431832836363e-01	
1.1708528624329309e+00	
-8.4983186762256224e-01	
3.3857509894166921e-01	
5.8472513528922898e-01	
6.2502890658641419e-01	
6.2638494560192193e-01	
6.3952772128731494e-01	
6.1855544228655157e-01	
6.5404143302886197e-01	
5.8352275030307599e-01	
7.1815054326519090e-01	
4.5323005388598886e-01	
9.2766366281668511e-01	
-6.9666224396539064e-02	
1.2722430144326180e+00	
-1.2846323966677864e+00	
-9.2964278748286311e-01	
-5.9305742146777929e-01	
2.2703548637123896e-01	
7.4890039143185916e-01	
2.8291773332725734e-01	
1.1112722967541466e+00	
-6.4895643307143325e-01	
7.4465557761603540e-01	
3.1394675615433763e-02	
1.2221772878351886e+00	
-1.0831790260559981e+00	
-2.7107154779050174e-01	
5.7138081065852053e-01	
4.6069676080368815e-01	
8.7742919673052544e-01	
6.1253352254041639e-02	
1.2585472982555523e+00	
-1.1966544195238078e+00	
-6.2929182920923243e-01	
8.7435323936925588e-02	
7.9920092491746175e-01	
1.3015451405877540e-01	
1.2183490678247308e+00	
-1.0345015883738193e+00	
-1.3513355919165440e-01	
6.6380304057619277e-01	
3.4280500271527159e-01	
1.0343198291744495e+00	
-3.9645666386605205e-01	
1.0921971156437313e+00	
-7.8517084727225694e-01	
4.6618478152303550e-01	
4.5999963949018363e-01	
8.4596825492822370e-01	
1.3858937023545753e-01	
1.2243806221916020e+00	
-1.0643681537222192e+00	
-2.1797988980916791e-01	
6.1588635987017259e-01	
4.0510290922370246e-01	
9.5580833454086711e-01	
-1.5589151503978418e-01	
1.2519444007566176e+00	
-1.2456113111831004e+00	
-7.9187143673683336e-01	
-2.5028420883855373e-01	
6.7478785545466891e-01	
2.8763935216909364e-01	
1.0877245128412847e+00	
-5.6319318899773363e-01	
8.8134439075831339e-01	
-2.5537725590904287e-01	
1.1719858931167473e+00	
-9.9947498283750891e-01	
-4.4383139985628255e-02	
6.9760982199945121e-01	
3.0580548263852747e-01	
1.0797621869640770e+00	
-5.3619711079963550e-01	
9.1976867249885252e-01	
-3.4299074854223122e-01	
1.1099539226078514e+00	
-8.3039061573148965e-01	
3.6986862979053098e-01	
5.6015792602244752e-01	
6.6901266354168742e-01	
5.3864708596779032e-01	
7.9488217420408158e-01	
2.7808495281526313e-01	
1.1297363286115241e+00	
-7.0034180199818952e-01	
6.5062199431403966e-01	
1.9782031483016296e-01	
1.1403685025108969e+00	
-7.6052507102926592e-01	
5.3052216330973068e-01	
3.7651620202554648e-01	
9.6218775338581508e-01	
-1.8186938892507981e-01	
1.2423123414804857e+00	
-1.2148136645399250e+00	
-6.9448541509465644e-01	
-3.8644680751989756e-02	
7.8896660211590097e-01	
1.1504172407863979e-01	
1.2167330156656369e+00	
-1.0417441300464307e+00	
-1.5945508793044705e-01	
6.5259551673160132e-01	
3.5795885121912546e-01	
1.0171631196890154e+00	
-3.4181673549584646e-01	
1.1411839893440547e+00	
-9.2222252429702545e-01	
1.4594180421209638e-01	
6.9318340087329899e-01	
3.7086855727915091e-01	
1.0141581208528367e+00	
-3.3093631016221192e-01	
1.1518153812898451e+00	
-9.5742778747382595e-01	
6.3851469903553004e-02	
7.0626204800688919e-01	
3.1793414933983072e-01	
1.0700863601667325e+00	
-5.0736572098194410e-01	
9.6033649156608980e-01	
-4.4110947751913948e-01	
1.0176484038818858e+00	
-5.7412304700409611e-01	
8.3911413408147439e-01	
-1.5944461031771681e-01	
1.2147637904585094e+00	
-1.1197906277603831e+00	
-3.8584146598922536e-01	
4.5474010184615388e-01	
5.9681146104225180e-01	
6.4359813303143920e-01	
5.9958600413029117e-01	
6.8877121349283932e-01	
5.1432980917680615e-01	
8.3532216553279748e-01	
1.7618854648886909e-01	
1.2054007534006399e+00	
-9.8922818788452715e-01	
-7.8121825994481430e-03	
7.0265588007115709e-01	
3.0535993345856477e-01	
1.0801014645120424e+00	
-5.4242623754562191e-01	
9.1287308178296733e-01	
-3.2866835856427867e-01	
1.1220430237219758e+00	
-8.6237714605562654e-01	
2.9398532760549706e-01	
6.1924840895164246e-01	
5.5005036003616548e-01	
7.6334208720734398e-01	
3.5053937375474736e-01	
1.0554977083755950e+00	
-4.5200010550196795e-01	
1.0298306921922222e+00	
-6.1893120344064623e-01	
7.7295484189834607e-01	
-2.0193437060108187e-02	
1.2305894867606766e+00	
-1.1280706207102562e+00	
-4.1198745621107669e-01	
4.2070527658441714e-01	
6.2648362974840033e-01	
5.7449462491243031e-01	
7.2439460143867729e-01	
4.3677144588962774e-01	
9.5098669274071590e-01	
-1.3416285959889307e-01	
1.2601064107225866e+00	
-1.2623595450865313e+00	
-8.5857711751303933e-01	
-4.1004224545327422e-01	
5.0790635128193018e-01	
5.1392375516770672e-01	
7.7938175220981454e-01	
3.0161897258910941e-01	
1.1066153815709994e+00	
-6.2483222804312200e-01	
7.8775743738382198e-01	
-5.5228404079550826e-02	
1.2330560589384150e+00	
-1.1410609016097744e+00	
-4.5210808451195500e-01	
3.6809692775222941e-01	
6.7245529464927922e-01	
4.7612579282879958e-01	
8.8309079204342555e-01	
4.8589274391079601e-02	
1.2625783216217550e+00	
-1.2163646722565340e+00	
-6.8832022411416383e-01	
-2.9278836817006493e-02	
7.9291599713884986e-01	
1.1312986144785414e-01	
1.2205381808355513e+00	
-1.0489387596377477e+00	
-1.7513667080817080e-01	
6.4276451293639647e-01	
3.6987967027131885e-01	
1.0005612964376966e+00	
-2.9198902943906568e-01	
1.1807949351812312e+00	
-1.0391536235242307e+00	
-1.5600662575679791e-01	
6.5483372016176367e-01	
3.5318216711498235e-01	
1.0207551323748238e+00	
-3.5569602115791743e-01	
1.1293095216274422e+00	
-8.9137289906950268e-01	
2.2409285374258850e-01	
6.5915852285720278e-01	
4.5553398202453971e-01	
9.0808160809813765e-01	
-1.8923275980782469e-02	
1.2709740404155201e+00	
-1.2710958752096093e+00	
-8.7641228466216137e-01	
-4.6137739487971846e-01	
4.4197482566282825e-01	
5.8797947148067720e-01	
6.4286852699499253e-01	
5.9772245591658191e-01	
6.9551184283132594e-01	
5.0448534864482231e-01	
8.5295786363346882e-01	
1.3475432491284611e-01	
1.2303883703395109e+00	
-1.0798743586537451e+00	
-2.5943108791946839e-01	
5.8440270170059094e-01	
4.4724932845834559e-01	
8.9485887473357650e-01	
9.3682006851390186e-03	
1.2694421693833851e+00	
-1.2486112158437614e+00	
-8.0642797629841001e-01	
-2.8655519388578271e-01	
6.4175764745918651e-01	
3.3360673747213682e-01	
1.0363331936275697e+00	
-4.0731884215838077e-01	
1.0805200377729545e+00	
-7.5273732850649089e-01	
5.2976341562949714e-01	
3.7930593998281098e-01	
9.5504566652689293e-01	
-1.6482810036003948e-01	
1.2491396467995801e+00	
-1.2325688733043647e+00	
-7.4998922473962670e-01	
-1.5555310446119588e-01	
7.4071010145324001e-01	
1.8449540481778726e-01	
1.1771559058571450e+00	
-8.7500703219933806e-01	
2.7553350728621695e-01	
6.3053437784316257e-01	
5.2199047889697259e-01	
8.0525774131005601e-01	
2.5017473139706708e-01	
1.1527559933071856e+00	
-7.9027029715565844e-01	
4.7574148205223582e-01	
4.4586757782957970e-01	
8.6350221662155924e-01	
8.9330819819467805e-02	
1.2476660271223547e+00	
-1.1509462699512467e+00	
-4.8446273275951601e-01	
3.2741690378342858e-01	
7.0405924973652889e-01	
4.0336477645360586e-01	
9.8390024464685144e-01	
-2.3404091224777826e-01	
1.2191959749860255e+00	
-1.1454572875965781e+00	
-4.7276505772724065e-01	
3.4223120097629472e-01	
6.9289189254193995e-01	
4.3001964306732476e-01	
9.5210473294499531e-01	
-1.3996962040921193e-01	
1.2588888924776727e+00	
-1.2590079261186875e+00	
-8.4103950557309071e-01	
-3.6928827562215788e-01	
5.5856108549577388e-01	
4.5402031372184226e-01	
8.7909690197136336e-01	
5.6705773425737745e-02	
1.2575773305465137e+00	
-1.2035529702962768e+00	
-6.5028605970389153e-01	
4.7401997830691295e-02	
8.0208884894500387e-01	
1.1490004446211891e-01	
1.2226251783103681e+00	
-1.0555501568876529e+00	
-1.9851037470983657e-01	
6.2870534838112468e-01	
3.8777702053566254e-01	
9.7699784079694152e-01	
-2.2038815576239804e-01	
1.2265344220740875e+00	
-1.1685220495943627e+00	
-5.4162611688991136e-01	
2.3751141319580468e-01	
7.5912118238839776e-01	
2.6572229162568461e-01	
1.1275335267890090e+00	
-7.0204955706235561e-01	
6.4932343296406714e-01	
1.9894082076311451e-01	
1.1395897194085938e+00	
-7.5774235243767774e-01	
5.3976128748960084e-01	
3.6475082819965149e-01	
9.7421569787900719e-01	
-2.1880635174568966e-01	
1.2246240154117087e+00	
-1.1674500818059681e+00	
-5.3791017402438146e-01	
2.4823201156054420e-01	
7.5394073746068213e-01	
2.7835007126464134e-01	
1.1159655310480323e+00	
-6.6262335974029452e-01	
7.2026616304147950e-01	
7.5805265463077171e-02	
1.2053252112808326e+00	
-1.0207274024108470e+00	
-9.4027932962510385e-02	
6.8096598826571020e-01	
3.2245174374726271e-01	
1.0579777803781756e+00	
-4.7817972259271702e-01	
1.0003252570704948e+00	
-5.4104373049534094e-01	
8.8893230768745601e-01	
-2.7138040132474117e-01	
1.1632177485038477e+00	
-9.7697793297798508e-01	
1.2005983913316609e-02	
7.0574691663209510e-01	
3.0420557020031036e-01	
1.0832286718738326e+00	
-5.4647473029875604e-01	
9.0520171966835894e-01	
-3.1059138601144426e-01	
1.1374739298980419e+00	
-9.0431130936017534e-01	
1.9939904462406663e-01	
6.7341859801572346e-01	
4.2369385167134838e-01	
9.5063052793278757e-01	
-1.4382964966967909e-01	
1.2561878185324791e+00	
-1.2526352090805286e+00	
-8.2429715270362647e-01	
-3.2666989534323709e-01	
6.0207250685055591e-01	
3.9198515480878093e-01	
9.6165411626459574e-01	
-1.8081706316993648e-01	
1.2448715191434487e+00	
-1.2180036507947398e+00	
-7.0840960754937465e-01	
-6.5186900588161581e-02	
7.8210242231070115e-01	
1.2433122138684898e-01	
1.2125494354204867e+00	
-1.0215746331199571e+00	
-9.5431256372368212e-02	
6.8109836142985547e-01	
3.2168538261985319e-01	
1.0586868478549483e+00	
-4.7333800372041057e-01	
1.0053484527599612e+00	
-5.5923224437300267e-01	
8.6326216934875410e-01	
-2.1083135346907891e-01	
1.1963532727365362e+00	
-1.0680299074287152e+00	
-2.3835083326822593e-01	
5.9840450168332082e-01	
4.2648360850378991e-01	
9.2348270926767428e-01	
-6.8946550408214874e-02	
1.2697083080142662e+00	
-1.2820211141831066e+00	
-9.1659123591924629e-01	
-5.6150897313101000e-01	
2.7985912536707358e-01	
7.1952564697388699e-01	
3.5854867750404112e-01	
1.0352225230247400e+00	
-3.9843102525491997e-01	
1.0885685985961160e+00	
-7.8220375007952370e-01	
4.7175483756416103e-01	
4.5774538667586528e-01	
8.4908872973072069e-01	
1.2884690528394604e-01	
1.2296710699569420e+00	
-1.0812587856928648e+00	
-2.6745299726078048e-01	
5.7586873262378835e-01	
4.5525161088599880e-01	
8.8266378451070016e-01	
4.5968432756626897e-02	
1.2608312831664124e+00	
-1.2145291016708291e+00	
-6.9055038408024538e-01	
-3.0315019709012406e-02	
7.9078453793059222e-01	
1.1383798632206231e-01	
1.2195947028042113e+00	
-1.0470827281395862e+00	
-1.7591893395745389e-01	
6.4290646979215138e-01	
3.6899396677342100e-01	
1.0000342855364592e+00	
-2.9450019194231641e-01	
1.1781707653719098e+00	
-1.0351322141443955e+00	
-1.4577835547298212e-01	
6.5978657332428325e-01	
3.4661986465116634e-01	
1.0294512335382224e+00	
-3.7920046682265596e-01	
1.1088611430285533e+00	
-8.3137229768597354e-01	
3.6610965062640755e-01	
5.6436181556584764e-01	
6.6475723696047395e-01	
5.4880768105148758e-01	
7.8063032260637788e-01	
3.1604259144184771e-01	
1.0945684029201213e+00	
-5.8182959779178323e-01	
8.5548314116174440e-01	
-1.9682800179671087e-01	
1.2008617889211328e+00	
-1.0805129834729315e+00	
-2.7796882956077446e-01	
5.6787734086310449e-01	
4.6727717996874324e-01	
8.6483123280925989e-01	
9.3315402426068353e-02	
1.2484816688163056e+00	
-1.1494025353764394e+00	
-4.7688171499215631e-01	
3.3749766531580527e-01	
6.9861582272238587e-01	
4.1819586443999840e-01	
9.6368926882960493e-01	
-1.7693577955782622e-01	
1.2445673981576337e+00	
-1.2260508960026628e+00	
-7.2741020053930927e-01	
-1.0938536780020645e-01	
7.6494876116921495e-01	
1.5009022708008143e-01	
1.1990198898614206e+00	
-9.6711796636218927e-01	
5.1626349943447891e-02	
7.0711711059831173e-01	
3.1599708223125644e-01	
1.0721489810258977e+00	
-5.1321157518350990e-01	
9.5147339221878924e-01	
-4.2469822416501768e-01	
1.0331768336746125e+00	
-6.2170840831446716e-01	
7.6784107305311433e-01	
-9.2087404944504042e-03	
1.2307256069918837e+00	
-1.1210835143748497e+00	
-3.9217068551919215e-01	
4.4971304982379401e-01	
6.0086836515411679e-01	
6.3076563036506827e-01	
6.2337403475689412e-01	
6.5098828377715501e-01	
5.9366849905303409e-01	
7.0053187028488628e-01	
4.9353866230359283e-01	
8.6815449481915774e-01	
8.7347265853429182e-02	
1.2511393942071698e+00	
-1.1607432801295008e+00	
-5.1564830819381979e-01	
2.8068887902647782e-01	
7.3543820339839405e-01	
3.2777571566633662e-01	
1.0714125790655562e+00	
-5.0907527022673182e-01	
9.5932210541384322e-01	
-4.4238294581246745e-01	
1.0157615032765843e+00	
-5.7474464893402899e-01	
8.4160705187888918e-01	
-1.6629730629929385e-01	
1.2144713870013193e+00	
-1.1119427514760203e+00	
-3.6914511573278985e-01	
4.7390915224854047e-01	
5.7450040040022698e-01	
6.8394996971136479e-01	
5.1586569847193819e-01	
8.3354937305795429e-01	
1.8416489037707470e-01	
1.2034181859311233e+00	
-9.7115917604210100e-01	
4.0706084273526399e-02	
7.0412663878453940e-01	
3.1294151205566023e-01	
1.0751641357089452e+00	
-5.2240049582981740e-01	
9.4099136366984126e-01	
-3.9585643825807265e-01	
1.0626493510368666e+00	
-7.0136813964571743e-01	
6.2987848213150244e-01	
2.3186300534213072e-01	
1.1165861719166750e+00	
-6.6674524417511716e-01	
7.1277716520727141e-01	
8.9584450331854484e-02	
1.2017311670389708e+00	
-9.9660414209605686e-01	
-3.2517770803708816e-02	
6.9853348789284797e-01	
3.0565505814903143e-01	
1.0789817721824717e+00	
-5.3788142860146992e-01	
9.1992541441859987e-01	
-3.4129019555279777e-01	
1.1117661973640813e+00	
-8.3397290142038039e-01	
3.5953094065973484e-01	
5.6871815136756276e-01	
6.5535488058131519e-01	
5.7096918781577755e-01	
7.4110832395214932e-01	
4.0194022542094171e-01	
9.9726586220483349e-01	
-2.6998435942228521e-01	
1.1972007593970662e+00	
-1.0865464876410180e+00	
-2.9337671488385614e-01	
5.5518395811486376e-01	
4.8278048533903511e-01	
8.4101452802098220e-01	
1.5313974076055922e-01	
1.2183332050732250e+00	
-1.0331838956596591e+00	
-1.3249742219103941e-01	
6.6780857949782313e-01	
3.3911206860372950e-01	
1.0361736406295583e+00	
-4.0408872322671546e-01	
1.0804158678658473e+00	
-7.6100844381989652e-01	
5.1536641297414443e-01	
3.9995923713917408e-01	
9.2989225274521659e-01	
-8.9830096772466464e-02	
1.2680468588784746e+00	
-1.2753413185515072e+00	
-8.9909042289184504e-01	
-5.1821423286508173e-01	
3.5555087378192429e-01	
6.6641426227861256e-01	
4.8236869704799129e-01	
8.7312487899727331e-01	
7.7642928070961958e-02	
1.2559016573708190e+00	
-1.1749342555276634e+00	
-5.5771446697271432e-01	
2.1137210767323963e-01	
7.7047170597292003e-01	
2.3072660120576466e-01	
1.1548419164098107e+00	
-8.0349136049264513e-01	
4.4908253802610548e-01	
4.7796691571800687e-01	
8.1344785569778522e-01	
2.1750319434783727e-01	
1.1789072494886428e+00	
-8.7929144286221494e-01	
2.7189673394449126e-01	
6.3232682908426840e-01	
5.2121471730814173e-01	
8.0848839381936022e-01	
2.3911716801790733e-01	
1.1611538214589607e+00	
-8.1873756764061056e-01	
4.1708962712068809e-01	
5.1237208971740900e-01	
7.5587651275190337e-01	
3.5294615046943600e-01	
1.0526110548740244e+00	
-4.4335853782026108e-01	
1.0412161443211285e+00	
-6.4769197055042271e-01	
7.2283356218362593e-01	
7.2115047173397881e-02	
1.2082099055178805e+00	
-1.0261451468188472e+00	
-1.0941167455555148e-01	
6.7664918311658762e-01	
3.2704997395719271e-01	
1.0534013230907702e+00	
-4.4833134152478604e-01	
1.0311644951711243e+00	
-6.2450354004056929e-01	
7.6593772745873590e-01	
-7.7711511875606983e-03	
1.2296363624382889e+00	
-1.1172471793605945e+00	
-3.8194574304257828e-01	
4.5981113042502914e-01	
5.9029920948518588e-01	
6.5420738650866483e-01	
5.8002358994984204e-01	
7.2620378079220249e-01	
4.3437449366533060e-01	
9.5497805000683267e-01	
-1.4494997033613061e-01	
1.2585522601629524e+00	
-1.2561552407669179e+00	
-8.3442112851386385e-01	
-3.4632264439427918e-01	
5.8069744048143901e-01	
4.2147388626682819e-01	
9.2493062579203400e-01	
-6.8101206069032139e-02	
1.2698845344748491e+00	
-1.2814808974652725e+00	
-9.1477278328941392e-01	
-5.5772974027671030e-01	
2.8687922084447670e-01	
7.1623356957626128e-01	
3.6910497881732063e-01	
1.0236236313656428e+00	
-3.5429134936618956e-01	
1.1312572700926828e+00	
-8.9533022006909968e-01	
2.1480874071670383e-01	
6.6710932410375323e-01	
4.4566876379782655e-01	
9.2392559898809745e-01	
-5.9420409927151668e-02	
1.2714434804682404e+00	
-1.2829020508698683e+00	
-9.2264832133712416e-01	
-5.7716723313125107e-01	
2.5949397114868111e-01	
7.3208555265713116e-01	
3.2670217689421488e-01	
1.0729320171102172e+00	
-5.1235461308273700e-01	
9.5401846616568275e-01	
-4.2751846247209618e-01	
1.0289020837572043e+00	
-6.1237343225770968e-01	
7.8633313108272540e-01	
-5.0456975108682210e-02	
1.2327890527000658e+00	
-1.1415269985017757e+00	
-4.5782618161593830e-01	
3.6726868124300038e-01	
6.7516739637351197e-01	
4.7235215147582815e-01	
8.8849107695411633e-01	
3.3021981339391104e-02	
1.2643431059360177e+00	
-1.2320012266396003e+00	
-7.4326763797571793e-01	
-1.4373047746640413e-01	
7.4911897509630032e-01	
1.7298881490644361e-01	
1.1829198974306034e+00	
-9.0902106888862233e-01	
2.0032383024921740e-01	
6.7192437725255427e-01	
4.2831929491622217e-01	
9.4541490983266130e-01	
-1.1881436888051632e-01	
1.2637720156113543e+00	
-1.2693004048436274e+00	
-8.7814548080094357e-01	
-4.6526846078957118e-01	
4.3204516183429209e-01	
5.9849080261368282e-01	
6.2705864502707631e-01	
6.2769997313193615e-01	
6.3585503201180749e-01	
6.2240748672814206e-01	
6.4594542076767192e-01	
6.0080535637520149e-01	
6.8637733965481662e-01	
5.1623692468614923e-01	
8.3443330280186545e-01	
1.8118543103522511e-01	
1.2035624550629116e+00	
-9.7691088727610842e-01	
2.9771749222593666e-02	
7.0571194915191027e-01	
3.0909323686566892e-01	
1.0765809665361614e+00	
-5.2956082685161454e-01	
9.2888041401632804e-01	
-3.7125945067535576e-01	
1.0865264873093208e+00	
-7.6364218990786126e-01	
5.0771261318523020e-01	
4.0789594660913742e-01	
9.1625401931665729e-01	
-5.4498255516972627e-02	
1.2703320684042008e+00	
-1.2770453048466206e+00	
-9.0617121317606020e-01	
-5.3156402942630965e-01	
3.3115464472265205e-01	
6.8613524767952083e-01	
4.4253454392024338e-01	
9.3315075090273170e-01	
-8.5730489272218810e-02	
1.2694746961913905e+00	
-1.2816459597072904e+00	
-9.2062155268864965e-01	
-5.7122486603645950e-01	
2.6662894054539660e-01	
7.2958003007085581e-01	
3.3541053212278210e-01	
1.0616302315570050e+00	
-4.7860182566925635e-01	
9.9851600151477560e-01	
-5.4095310898118898e-01	
8.9097513658570904e-01	
-2.7342294890425112e-01	
1.1631170281677261e+00	
-9.7536563730403725e-01	
1.6936248747450040e-02	
7.0707202080559917e-01	
3.0531516848163620e-01	
1.0816111593327584e+00	
-5.4582488317440336e-01	
9.0386924625780984e-01	
-3.1324367575918555e-01	
1.1340725253350303e+00	
-8.9352928639152562e-01	
2.1988541658372562e-01	
6.6461424964305771e-01	
4.4850264914421850e-01	
9.1925740881763696e-01	
-4.9933573710908730e-02	
1.2725146008629042e+00	
-1.2816570965897689e+00	
-9.1727038218177948e-01	
-5.6081909698186250e-01	
2.8371212274414304e-01	
7.1961701536605305e-01	
3.6069594415704226e-01	
1.0318459689540564e+00	
-3.8554974334950309e-01	
1.1002173886243658e+00	
-8.1629585426285989e-01	
4.0116883818088017e-01	
5.3223656574445666e-01	
7.2521497765731868e-01	
4.2761435178886581e-01	
9.5926770535717998e-01	
-1.6063773978027984e-01	
1.2525568185946019e+00	
-1.2403256493997257e+00	
-7.7873139408926306e-01	
-2.2370129809083580e-01	
6.9557800073223441e-01	
2.5749420668834666e-01	
1.1165470782079545e+00	
-6.6424967388899625e-01	
7.1565261610191722e-01	
8.4207862671209860e-02	
1.2044521246000213e+00	
-1.0061362814090573e+00	
-5.5986153425225053e-02	
6.9270062137936539e-01	
3.0783636113378110e-01	
1.0752769216495945e+00	
-5.2299255055814264e-01	
9.3984709552745849e-01	
-3.9474661590625465e-01	
1.0657843564642762e+00	
-7.0180364042149379e-01	
6.2764119360663895e-01	
2.3910388460575155e-01	
1.1091144961310986e+00	
-6.4865474286933456e-01	
7.4138350848376089e-01	
3.7640117881624677e-02	
1.2218469215248065e+00	
-1.0758364671048140e+00	
-2.4974410960413657e-01	
5.8919018339101503e-01	
4.3823545522226459e-01	
9.1006201148242682e-01	
-2.4012100934924140e-02	
1.2730129336477094e+00	
-1.2714071303470698e+00	
-8.8283163785940155e-01	
-4.7859988564848521e-01	
4.1583949938662695e-01	
6.1384913013035236e-01	
5.9703143852046492e-01	
6.8569222624150117e-01	
5.2118183732841017e-01	
8.2680986270603762e-01	
2.0065886284145615e-01	
1.1890947139604413e+00	
-9.2455924144146118e-01	
1.6068234667346498e-01	
6.8764424163421578e-01	
3.8714879417543785e-01	
9.9596284589636530e-01	
-2.7036653593446214e-01	
1.1949576879721913e+00	
-1.0846107752550582e+00	
-2.8947903065579178e-01	
5.5797943734653244e-01	
4.7725353795354009e-01	
8.4827756709938817e-01	
1.3381302374406687e-01	
1.2289365764417934e+00	
-1.0749768511166475e+00	
-2.4878808069585354e-01	
5.9046191878693988e-01	
4.3704002858212265e-01	
9.0973533572889909e-01	
-2.8253873705043425e-02	
1.2733714061801551e+00	
-1.2715036416170582e+00	
-8.8457013031519893e-01	
-4.8403769301755040e-01	
4.0578961216228826e-01	
6.2290703997793617e-01	
5.7797498039259776e-01	
7.1586480624342252e-01	
4.5369048506470849e-01	
9.2610821019197453e-01	
-6.5473043964729888e-02	
1.2702201465537200e+00	
-1.2843137263762532e+00	
-9.3070808504691016e-01	
-5.9288343854559222e-01	
2.2966435215094691e-01	
7.5029416338985877e-01	
2.8358878775606788e-01	
1.1130828957991905e+00	
-6.4382998127427271e-01	
7.5270004037572125e-01	
1.6057836278166981e-02	
1.2242652595740089e+00	
-1.0981034471140043e+00	
-3.1488745131943063e-01	
5.3027510360121699e-01	
5.0982726840953996e-01	
7.9285304478309437e-01	
2.7015478383802433e-01	
1.1358723224701506e+00	
-7.2409298565560087e-01	
6.0394944272874296e-01	
2.7268944787238780e-01	
1.0786192726026604e+00	
-5.4407364818954174e-01	
9.1082986447593295e-01	
-3.2313525022393547e-01	
1.1263178856627669e+00	
-8.7296550395937722e-01	
2.7214144506476895e-01	
6.3446228127091775e-01	
5.1779116651545221e-01	
8.1397253267314917e-01	
2.2577221033646053e-01	
1.1727213078794079e+00	
-8.5718385893081039e-01	
3.2133503399087338e-01	
5.9534417337150503e-01	
5.9857136116373622e-01	
6.8403191344206715e-01	
5.2536545296191139e-01	
8.1841095089046179e-01	
2.1771549392906675e-01	
1.1770527431938502e+00	
-8.7673810616156123e-01	
2.7616646165014103e-01	
6.2822525576349530e-01	
5.2820247915846874e-01	
7.9850846108207796e-01	
2.6262384099558672e-01	
1.1428502920751693e+00	
-7.4733098294823908e-01	
5.5979190626707287e-01	
3.3708955628034637e-01	
1.0092256755442643e+00	
-3.2514335735273886e-01	
1.1560366301000748e+00	
-9.6715184079460659e-01	
3.5630170010109652e-02	
7.0805548469929425e-01	
3.1006029581388511e-01	
1.0789517486153661e+00	
-5.3515553244379166e-01	
9.2486104490579424e-01	
-3.5372145574791403e-01	
1.1036493805788008e+00	
-8.0725059874414973e-01	
4.1702114805212287e-01	
5.1514183325787000e-01	
7.5372801453637539e-01	
3.5959874786592144e-01	
1.0442577299799203e+00	
-4.1967416360075183e-01	
1.0667518268406049e+00	
-7.2213446867444997e-01	
5.9597398671087509e-01	
2.8930768464910867e-01	
1.0611777100364903e+00	
-4.8724057327022241e-01	
9.8655913486253322e-01	
-5.0798772236358825e-01	
9.3213852265934605e-01	
-3.7244306694584622e-01	
1.0865960485413693e+00	
-7.6279976049525178e-01	
5.1190674759536081e-01	
4.0651145259906407e-01	
9.2401149849644570e-01	
-7.3163463165788867e-02	
1.2688536719126031e+00	
-1.2805591181462761e+00	
-9.0906252925604580e-01	
-5.3782166077954385e-01	
3.2136645863605379e-01	
6.9427896571626502e-01	
4.2419492955978649e-01	
9.5770401066094835e-01	
-1.5910274043683384e-01	
1.2510493391665254e+00	
-1.2430330842491477e+00	
-7.8442336837137905e-01	
-2.3821815290465859e-01	
6.8303280275223588e-01	
2.7120837189986924e-01	
1.1035421012643003e+00	
-6.2043966008826967e-01	
7.9154351815179924e-01	
-6.0977024869943719e-02	
1.2307442086687996e+00	
-1.1428868062481186e+00	
-4.5927003400348021e-01	
3.6133051613764061e-01	
6.7933329419658650e-01	
4.6293980583352007e-01	
9.0470956521298818e-01	
-6.4157114976924239e-03	
1.2721608218686431e+00	
-1.2651948918486371e+00	
-8.5745787385268779e-01	
-4.0858058319526336e-01	
5.0673784179504233e-01	
5.1587136296874270e-01	
7.8143703150795307e-01	
3.0122099525634705e-01	
1.1080926638077631e+00	
-6.2831427153993979e-01	
7.8056887878949965e-01	
-4.4552492554065369e-02	
1.2342742648046432e+00	
-1.1374981536207696e+00	
-4.4020623631775491e-01	
3.8587673864509403e-01	
6.5824055681837979e-01	
5.0768479138510203e-01	
8.3545113470640076e-01	
1.7485616475887045e-01	
1.2076083298533211e+00	
-9.8936826002862555e-01	
-1.0368603264482461e-02	
7.0286402274802806e-01	
3.0498230379094460e-01	
1.0822396167494595e+00	
-5.4248695554294490e-01	
9.1330849538490499e-01	
-3.2984562951266844e-01	
1.1229683888494677e+00	
-8.6148218127966070e-01	
2.9485370322536619e-01	
6.2050384860861230e-01	
5.5054117493300070e-01	
7.6302979269424454e-01	
3.5378130505339395e-01	
1.0536772124936511e+00	
-4.5010327594188343e-01	
1.0324412851877844e+00	
-6.2973721318144471e-01	
7.5473720783502152e-01	
1.3111405162263426e-02	
1.2263011731914832e+00	
-1.1023683963317901e+00	
-3.3294395665893201e-01	
5.1571557536646628e-01	
5.2732956379005558e-01	
7.6236310065400237e-01	
3.4474446391610519e-01	
1.0649467398484018e+00	
-4.8069092429991833e-01	
9.9671762181433743e-01	
-5.3156018853429565e-01	
8.9953602046575010e-01	
-2.9323102686022579e-01	
1.1499282604614902e+00	
-9.3558776561161516e-01	
1.1890637815996172e-01	
7.0077165327992630e-01	
3.4964440599140689e-01	
1.0415627907486296e+00	
-4.0601462324356713e-01	
1.0807080288049755e+00	
-7.5558738618824195e-01	
5.1981184355820576e-01	
3.9181001723649650e-01	
9.4243301971953142e-01	
-1.3026432868848531e-01	
1.2586794017033371e+00	
-1.2609712918569342e+00	
-8.4129244760023059e-01	
-3.7125937943526166e-01	
5.5522876324186943e-01	
4.5908520222313665e-01	
8.7345380683755502e-01	
7.0740741582871816e-02	
1.2561456357117127e+00	
-1.1859889494018072e+00	
-5.9229733214243485e-01	
1.5159387155900253e-01	
7.8819776585684498e-01	
1.7269022696831313e-01	
1.1960650366926973e+00	
-9.4408532821695457e-01	
1.0769333374647633e-01	
6.9904795309276424e-01	
3.4260413759734792e-01	
1.0436319931286502e+00	
-4.2114440614134496e-01	
1.0676977178527332e+00	
-7.1925631482409724e-01	
5.9709451346040809e-01	
2.8605044640718635e-01	
1.0641859069010398e+00	
-4.9687497358895161e-01	
9.7236004110544982e-01	
-4.6943365953315225e-01	
9.8165673890273042e-01	
-4.9420926029751083e-01	
9.5771359965089453e-01	
-4.2895498764012163e-01	
1.0298113573763148e+00	
-6.1219590538991131e-01	
7.8672338870218328e-01	
-4.8665095344977503e-02	
1.2308713087807166e+00	
-1.1404283240493596e+00	
-4.5627585825400302e-01	
3.6463670657678970e-01	
6.7463444181355747e-01	
4.7239693103381691e-01	
