1.2322401060244483e+00
1.8550040661822278e+00
1.0316371407775198e+00
-2.1896203995786545e-01
1.0304854733129150e+00
-9.2174933040744111e-01
-2.9927468851132144e-01
-5.4525130607106564e-02
1.1503601268523680e+00
-6.0193335557342664e-01
1.7267528966735288e-01
-2.9064694564882865e-01
-2.2496822217803979e-02
8.8571170643033736e-01
1.5354308127923060e+00
1.8453104434811871e+00
1.1133977496374430e+00
-4.2415716291403249e-01
8.9622766951646315e-01
9.7974616871689757e-01
-7.2916932792480771e-03
3.8946073472131720e-02
2.9865555548390384e-02
1.8245271706744857e+00
-1.5184056686632119e-01
-8.6756792660471027e-01
-9.4053281031266478e-01
-1.3115721444240738e+00
-1.9837434056698668e+00
-2.1254374313836824e+00
-3.4815186074286575e-01
-8.4104227687727406e-01
-9.7629624787714275e-01
-1.6423381380402458e+00
-2.9011255500243447e+00
-2.3429030060053275e+00
-6.2601630436675226e-01
-2.5909400030661374e+00
-1.2441597525995542e+00
-3.4647369988099463e-01
7.9628201677385124e-01
-5.6731288421049053e-01
-6.3767989688906934e-01
2.5581713637859691e+00
7.5254124493644503e-01
-4.1744845476933512e-01
-3.1465671375474863e-01
1.1651157414332081e+00
-1.1323677997312616e+00
5.0714208656150506e-02
-8.6356944779861022e-01
-3.0437450653673287e-01
-2.0214214287252643e+00
-1.6899390008566550e-01
-1.6816076679917394e-01
-8.0422653115366582e-01
-1.6872540078127027e+00
-1.0372003601336643e+00
-6.4408224895423771e-01
7.7376709819041345e-01
1.2910621860364937e+00
1.7650799103867938e+00
5.1876324611167102e-01
3.8237011043535629e-01
-1.3259852598006705e+00
-1.0117428978061144e-01
2.7862618537385619e-01
3.8040684437754224e-01
4.2143234144624653e-01
1.6722038268190826e+00
5.8792761235342739e-01
1.1666469972332907e+00
-9.3471448203509933e-01
1.5977383856276430e+00
6.9720540087150495e-01
1.0815355679164529e+00
-6.0240943508792744e-01
-2.6624268721967712e+00
-6.4461961482492602e-01
-9.5666949990743644e-01
-3.0157546254142837e+00
-2.2807804401492726e-01
-2.3397212300914166e-01
-1.7477468031452323e-01
-1.7845302585343454e+00
-2.7883337288833046e+00
-2.4656194952339034e+00
-1.9204744471269093e+00
-1.7091242452642494e+00
7.5679252297344601e-01
-5.0056309691453826e-01
9.7933467458039616e-02
-6.2308948038734949e-02
1.5200623896540086e+00
3.0133939635594182e+00
1.3795375479876730e+00
1.4389977039509747e+00
1.3651261126894796e+00
7.9884490003632846e-01
4.1661131593135059e-01
8.6509524984789510e-01
1.0064871634511352e+00
-1.1447291839898367e-01
1.1982297790700049e+00
1.0453907449656902e-02
3.9749613941284934e-01
7.1875503818748021e-01
1.5297452745226807e+00
6.6286280730728486e-01
1.0849923875309415e+00
1.2648723515299765e+00
1.7077120063775990e+00
6.2901804634669689e-01
7.0116584783927416e-01
1.3571186416731476e-01
-7.5363274819924730e-01
-1.8162427087883422e+00
1.7892080324992088e-01
2.5475035574735716e-01
8.5916978229738272e-01
-1.4323669503449146e+00
-2.8577946098049123e-01
-7.4999330560752775e-01
7.0842785177598711e-01
-1.6714184498209392e-01
3.9963802042426089e-01
1.2637340154298906e+00
1.6532312669922609e+00
1.0238323035401264e+00
1.2533407745921519e+00
1.2907041910708119e+00
2.0219024388561335e-01
-3.2394685276613111e-01
-1.6697958661974637e+00
7.4571555171889314e-01
-1.4919733525902077e+00
4.5192852619127422e-01
6.8743418205905127e-02
5.9658260655179152e-02
-3.6353338495982956e-01
-6.0275202684072791e-02
-1.7910039318211806e+00
-7.9312591723807080e-01
-1.1238482283473465e+00
-2.8967147297393185e+00
-6.9488026717282370e-01
-1.4546356973286618e+00
-1.7728656161108269e+00
-1.6799620035286329e+00
1.7207150610575050e+00
-1.4281438838534559e+00
-9.6095843649007501e-02
2.4337107544607837e+00
2.8010294424331927e-01
-6.1035540017904955e-01
-1.6601189880889475e-01
7.2730321477482193e-02
-1.9346994425099291e+00
-3.5764903767370904e-01
-2.6793429453575444e+00
-1.2297589846041292e+00
-1.2983741189644205e+00
-1.2041671005472712e+00
-2.0273985453109428e-01
-3.8438309662848824e-01
-5.0183346601595236e-02
3.0041939693959021e+00
-1.1216328958081956e-01
1.7432139161414257e+00
-6.8819256136294760e-01
8.0832269155373204e-01
-1.3808712899060060e-01
-9.5930851912048631e-01
-3.1605757526640343e-01
-1.5549673547892420e+00
-3.5046428804636331e-01
-2.5300317117299298e-01
-7.8569911009031668e-01
-2.0034932467599595e-01
7.3752935151962529e-01
-1.6937022639224368e+00
-4.0863667556859373e-01
-5.3948220135684524e-02
8.4124491583679670e-02
-1.2941305948017026e+00
1.3182612217207206e+00
1.7744150143239307e-01
1.2414650945379763e-01
1.3828928526376525e+00
1.8351329539634942e+00
2.1460460872787879e+00
1.0881322869139798e+00
4.3960647369347150e-01
7.1704706290283671e-01
4.5091772537465663e-01
-2.8701328731951736e-01
-6.5908723719520290e-01
4.7473285955267203e-01
4.5620212622928391e-01
1.5017262695223175e+00
4.8126326632755057e-01
4.5832210826089759e-01
2.2922864245410676e-01
1.4504277607935272e+00
-9.4182334238360643e-01
4.3062847196385406e-01
-5.2777582607965023e-01
-1.2812507044846233e+00
1.1873976973217644e+00
-1.0827192901097171e+00
5.2701147855415929e-02
-9.9331861610808292e-01
-1.4818994345341554e+00
4.0720541107249597e-01
-1.0839718541079078e+00
3.5002202473865690e-01
4.1932173440409011e-02
5.5373793471199773e-01
3.9072616844986829e-01
-1.8438057755006565e-01
8.8371089947976056e-01
3.0976613898558719e-01
1.1419680463292299e+00
-2.8158565453275686e-01
-1.2143206090500663e-01
3.7029953946326322e-01
2.5817289563142570e-01
-1.2150029885143310e+00
3.8628186149513973e-02
-2.0309189480139214e+00
-1.6496063074959022e+00
-8.7496232631115500e-01
-1.3625315628884631e+00
5.7217259031439827e-01
1.6406147097058570e+00
-1.4136169209288074e-01
7.8136120639663653e-01
-6.2001044234224834e-01
1.1006528917058700e+00
1.1286805179057207e+00
2.0654482851442770e+00
1.2983139982208547e+00
-3.5321710513481275e-01
2.3113878986658731e-01
-1.1461172808639992e+00
-1.6469523138917674e+00
-1.1855852568520162e+00
-1.7260034469210059e+00
-8.9171573171868312e-01
-2.6547872751815946e+00
5.5873159376831860e-01
1.3528484423209908e+00
-6.8092041055351671e-01
4.2230568485569053e-01
-3.6136905579515272e-01
-1.8428196601615621e-01
1.9587052125467577e-01
-2.4929360803292715e+00
-1.1570362674878092e+00
-1.5072821313231601e+00
-2.8372462674699511e-01
-1.6028809924970300e-01
-5.7772019582057743e-01
-8.4891849632030214e-01
-9.9959299517795908e-01
-9.0574404180170554e-01
2.1490024046915487e-01
7.3968790739981605e-01
1.2917165573841822e+00
2.0814920602245910e+00
1.0577618677287832e+00
1.3137792705884648e+00
3.0094466892055283e+00
2.0630194749680584e+00
3.7425318566862747e-01
1.3055363531636055e+00
1.1359838195106369e+00
4.5398564795990692e-02
-5.8324500395454371e-01
-5.5172989109385867e-02
-1.6721680840826221e+00
-3.1080834175833244e-01
5.5402638809191640e-01
-6.3386661044018100e-01
1.0658966333580679e+00
1.2099643694528939e+00
5.2468700496050280e-01
-5.4919536538382907e-01
-5.9714374848593865e-01
-4.4217589682940944e-01
7.1368290494433306e-01
-6.9112046943019734e-01
6.8493955126001083e-01
5.6624468296232655e-01
3.3965874768968540e-01
1.8701979230191688e+00
1.5017245690521452e+00
-7.0653498677762328e-01
-1.8304515258298786e+00
-2.4836519717712289e+00
-1.1093091110961997e+00
-6.8235516155762066e-02
1.1612175375781413e+00
3.0392860086423874e+00
4.6687300918960523e-01
-8.2688081212968523e-01
1.3148262444917334e+00
-2.3263549188774879e-02
-2.2813228627142156e-02
-1.4126330972157361e-01
1.0631838268779708e+00
2.6437194077773468e-01
3.3761906314823636e-01
1.0530268539733536e+00
1.0522945651593349e+00
8.3638165924943086e-01
2.4941939018877486e+00
1.5215204628134902e+00
1.5299041749643112e+00
-8.2463991440413098e-01
-3.6972945025891407e-02
4.0673392964399302e-01
-6.2380405194834643e-01
-3.6309559879787334e-01
-4.1247673318250416e-01
-1.5037490352890883e+00
-9.0784210800764975e-01
-1.1068884216556596e+00
5.7842181337240728e-01
-9.2967035404838094e-01
-4.6538529907239395e-01
3.0450987156879072e-01
9.5251670413200706e-02
-7.7317486469076457e-01
2.5715228419192010e-01
-1.7439972926554312e+00
-1.7767642204606973e+00
5.2703341674289728e-01
-3.2407996169074282e-01
6.6975290801518450e-01
1.2200944697861504e+00
1.2721675202769980e+00
1.4700995076332191e+00
1.8692501881494890e+00
3.7076215919470235e-01
9.8183247519235461e-01
-1.2200802166964500e-01
-1.0135054640563133e+00
-5.3501379669349347e-01
1.6401668707765055e-01
-1.0810748417299396e+00
-1.0902236111419790e+00
-6.4186784072924341e-01
-1.9009058551044558e+00
4.7319783940035903e-01
-1.6646651066729004e+00
-1.6689746838933972e+00
-9.5795905501243839e-01
-1.2042384513599691e+00
-1.0695372536233942e+00
1.8211069487491003e+00
-7.7098954943583764e-01
4.0188028488389482e-01
-7.3651357292232666e-01
4.6059525071848917e-01
-1.6447020410062957e-01
6.4468920998469903e-01
-5.7288703999121482e-01
-1.1672761827772902e+00
-4.0665502864438585e-01
5.9329730803071290e-01
-4.5723260340715638e-02
1.3347585388790667e-01
5.0080604941250628e-01
2.5512320767991853e-01
1.2913863460527299e+00
1.2742586235861253e-01
-2.7675055301757029e-01
1.6731697459760059e-01
4.3907991705448866e-02
-1.6906613303951619e+00
-7.4690017449014823e-01
2.6687399484474655e-01
1.8793171644755942e+00
2.4127637254369480e-01
-4.4822200589078137e-01
-1.7328677841272280e+00
7.8390549403008591e-01
6.4326874038641912e-01
-7.9579298583857816e-03
5.3472095511236739e-01
5.1721078169823431e-01
9.3810541985800400e-01
5.6120422327730157e-01
1.9525745827715929e-01
-2.9923020804730560e-01
-1.1544987309872130e+00
2.2518374834238375e-01
-7.8757711728760782e-01
-1.8990564469012949e+00
-8.9347443903567481e-01
3.1629173830580382e-01
5.0334169723062105e-01
3.2190094405131153e-01
1.3483530145051013e+00
9.8400888082976146e-01
1.9935529773732039e+00
2.5298911240865021e+00
2.5828683803983248e+00
3.4518152971938338e+00
2.5629354707049785e+00
2.7682469064554214e+00
1.5442138223514483e+00
1.7434705033252422e+00
1.3665737016761128e+00
1.1726841971976654e+00
-2.7342860890697274e-01
-1.2831252082852733e+00
7.0740441039323132e-01
-2.3798401867852570e-01
1.1925489858765372e+00
-2.5079206734969073e-01
4.8055199670021626e-01
3.1514233007096215e-01
-6.0204064612175323e-01
6.6584358815295674e-01
-1.5441625027908801e+00
-1.1722752308484403e+00
-7.1807073932043797e-01
2.0390255534406441e+00
1.3747897386841694e+00
-3.5546716359654762e-01
-5.6731664595962916e-01
-1.9036459464592219e+00
-1.1105635717340390e+00
-1.6229530690055158e+00
-1.5486075026161665e+00
-3.9655685726562917e-01
-2.0234872183611752e+00
-1.0779440413188857e+00
-1.1733108538411918e+00
-3.8584540572652393e-01
2.9794145609064704e-01
1.2283182523535594e+00
-2.1626858993241496e+00
1.1124023999225345e+00
6.9571439787785616e-01
-1.3048791369175925e+00
-8.9506148642225714e-01
-1.3977873374381129e+00
1.5907311620390185e+00
-2.5514741712239764e-01
2.3812486417982455e+00
2.5986781716086427e-01
1.0285021900879934e+00
8.1660012595143505e-01
-1.0885956983467056e+00
-4.0134542587667654e-01
-4.4115610107021597e-01
-5.3396121611972291e-01
-5.1545322684042882e-01
-1.9186570385177617e+00
-9.4429318020117803e-01
-4.6350309098951198e-01
-3.1288118501508183e-01
-1.5783668777900202e+00
8.6372160301442269e-01
-7.5161003094978773e-01
-4.9955201812400885e-01
1.5235451506256408e+00
1.9654743001026517e-01
-8.2029114945136805e-01
-1.2345651739761019e+00
-7.1023545004190225e-01
-3.9370352828564809e-01
-6.7346709150596196e-01
-1.4049614430500804e-01
4.6315862585473255e-01
1.4743252723252184e-01
-5.0855802601190581e-01
4.0508267710066842e-01
-9.2546002965079954e-01
-4.7803519138387046e-01
-1.3677326119253511e-01
-1.7465742451915733e+00
-5.3328219989723580e-01
1.4112506094628741e-02
1.1083997337654770e+00
6.1543660897366304e-01
-1.3569716421056648e+00
-8.9315139869923488e-01
-2.3657708577803023e+00
7.2579150149896143e-01
1.2079926669242552e-01
6.5149810159826849e-01
8.6169205095674917e-01
9.1326369467499657e-01
1.9113988846843316e-01
6.9980616690043873e-01
-1.2248784208066630e+00
1.3734504731381338e+00
1.4644224639283345e+00
1.5890006156131566e+00
1.1475974756036622e+00
8.0305333955977187e-01
7.3454737729146946e-01
-5.0717130237554441e-02
4.1402003669346585e-02
1.6968501295682563e+00
-7.9174058448484730e-01
-8.2597591413415117e-01
1.4171392328528376e-01
1.1717528594896862e+00
4.8275269424773226e-02
-1.7059227917677824e+00
-1.1010820662042287e+00
-2.1646297070041083e+00
-2.8579856746519483e-01
-6.6682138779889355e-01
8.2031833622884287e-01
-1.2931402826434812e+00
-1.3307156691645237e+00
-1.9772496372192203e+00
-8.8609673134239153e-01
3.7000712318943796e-01
7.8729606710506395e-01
-7.2642489563352619e-01
2.1667246637686151e+00
3.5084794776097106e-01
-2.1077942533826888e-02
2.5726093945428836e+00
1.3858100387731254e+00
2.5659330487321819e-01
8.9961992872888041e-01
4.0538428664674903e-01
8.5765365771850188e-01
1.3536725454090865e+00
2.1861411295777078e+00
1.9939392111606125e+00
1.4315801816012481e+00
1.9071736915624965e-01
6.0287657065979605e-02
1.3513700287032560e+00
-1.4869488479621801e-01
-1.0429385037517176e+00
-9.6031754514095136e-01
2.8591004606488768e-01
-1.0984132976349728e+00
2.4217541046261606e-01
8.3712305003524490e-01
8.3033405272701810e-01
4.3426029935633825e-01
4.6543121163451573e-01
5.6235128342040763e-01
-8.4127945894804324e-01
3.2419879693463061e-01
5.6997994417946940e-01
-9.4692871880824869e-03
1.3566949541269088e-01
3.3434066593992240e-01
3.6449426830710778e-02
9.9445040547821362e-01
-1.7845686849931766e-01
-3.0965836308552652e-01
-1.5834275090672716e+00
5.0389267355437228e-01
-2.4895679138296307e+00
-7.2713438680352338e-01
4.9579816307092683e-01
-4.9893119176388556e-01
1.0449770976844825e+00
7.7125893116844180e-01
2.7131291310659180e+00
1.2758549894452125e+00
1.2983427014089775e+00
5.4586500754571277e-02
-1.5495006722058430e-01
-1.2180713377555688e+00
-7.8586691605835857e-01
-6.1946392766146718e-01
9.3749237288166631e-01
-8.7172471970270449e-01
-4.9369617898517054e-01
-6.0266201641581585e-01
6.6179788276572193e-01
1.1137313606058110e+00
3.3557423348898990e-01
2.3808164081561687e+00
3.1445482986783420e+00
1.1184703367509072e+00
1.4449174605386588e+00
-6.1552731672301997e-01
-1.2059966949744731e+00
1.7281544204046873e-01
-7.1289911937434203e-01
2.7252753772754477e+00
1.5762862748549700e+00
1.0457513884282357e+00
9.7132289062423507e-02
2.9797229269028419e-02
-7.7667478386035438e-01
3.1758320108541255e-01
-2.3242282049242906e+00
-8.0766728031676360e-01
-1.1011625995152068e+00
-1.0760141850827591e+00
-7.6607224875593749e-01
-6.7669224996980959e-01
-6.7938164373886245e-01
-9.8768800058109563e-02
-2.5954686359461737e-01
-6.8390184415016653e-01
2.7947087734042841e-01
-2.9714817274199079e-01
-7.0877818375245283e-01
-5.1507709162002002e-01
9.2834706498499686e-01
-1.2545740297736985e+00
1.1042221980652131e-01
8.6041670086007072e-01
1.0200173359875393e+00
2.9630705322672790e-01
4.2354248616023937e-01
1.8536619794189155e+00
1.3323717415197786e-01
1.0892296267581432e+00
2.6390572660220828e+00
6.7854402553257009e-01
-9.3614896307980588e-02
-6.8058758309976908e-01
-7.3380782337733619e-01
-6.0139176714420406e-01
4.7743255566606674e-01
-1.3447797596694513e+00
-6.1210922772156751e-01
8.7372908026354890e-01
-6.6732107254213435e-01
-9.5196051792145242e-01
-9.0346662632835184e-01
-2.0909261193745441e+00
-2.0102085953275495e+00
-1.3895086750992636e+00
-8.8055393085710121e-01
-1.6801221664393562e+00
-2.8166778749489890e-01
-8.6146353692762523e-01
7.2600831359076612e-01
3.0416981442636204e-01
2.1634767265744803e+00
-1.2578577149374404e-01
-2.4991542981774378e-01
-3.4572729855770901e-01
-1.3402128792161485e+00
-1.8223902272544185e-01
2.0258382803110297e-01
-1.0316074644860582e+00
5.0681975463452200e-01
1.4019929225259739e-01
1.0327237630528912e+00
6.2175367937138937e-01
1.2094476214307204e+00
7.1769946065463486e-01
3.0776320586157135e-01
6.0023203892258814e-01
4.3208999271925719e-01
-5.1417090037447566e-01
8.0994106968852253e-01
6.4792178279766821e-01
-4.8831056103216386e-01
-9.3780374284216239e-01
-4.4093966949864388e-01
-2.9739299413573822e-01
-1.3235115103312232e+00
-2.2208120411148069e-01
-1.9337714258718919e-01
2.4166541137349645e-01
-1.3519143510006189e+00
-2.5554368803128931e+00
-1.0464383283747867e+00
-8.8048574053334994e-01
-1.7191725919838095e+00
-1.7846903294301601e+00
-1.6880778063365323e+00
5.0554200846954356e-01
-1.4817388342546289e+00
1.2956924393914708e+00
-2.4875280344087072e+00
-1.4742354587002504e+00
-2.9918968272899221e-01
8.7748559265913095e-01
3.2929757713658186e-01
1.1791883693187877e+00
3.8178388353867065e-01
6.1165693471548799e-01
-1.4029641565365867e+00
-1.3814804589755747e+00
5.5135400332017104e-01
6.1338846538022684e-01
-5.9077904065149234e-01
-1.2638552300837200e+00
2.9791915472621816e-01
1.0550086513657977e+00
3.6548226729629063e-01
-9.3519407057995707e-01
-2.6514115264901084e+00
-1.0057258609323776e+00
-2.1394628273647172e+00
-1.2227116617128493e+00
3.3793406412375526e-01
4.9833586317021838e-02
-2.5277804611385424e-01
-1.4702322750277173e+00
-1.6446770454119637e+00
-7.7068258397862355e-02
3.2727386951587456e-01
-7.8380107548861822e-01
-8.3647062369169733e-01
-3.6652306984951433e-01
-8.7725432177473583e-01
9.6600109594398298e-02
2.0207598928267108e+00
3.3070816020861105e+00
2.8658482282714837e+00
8.2509081438109921e-01
-1.2031292706048184e+00
1.5529712832082024e-01
-3.3091758306842289e-01
-1.0767456421211608e+00
-2.2016424571868094e+00
-9.2626601740047554e-01
-1.6103656170596947e+00
-6.2954306633203683e-01
-1.6635551162938655e+00
-6.1087636090427766e-01
3.3581237442257944e-01
-1.2668034503579033e+00
-4.9760509221060917e-01
-1.2207595373288094e+00
7.1468992210804425e-02
-6.8608257199412170e-01
1.4164131950438825e+00
1.9946914826142368e+00
1.6136277750290040e+00
1.8400788402794204e+00
1.0726916641678805e+00
-3.6179616444267815e-01
1.8261166631537515e+00
1.2695026305108361e+00
-4.2982265897211286e-01
5.3497981095055280e-01
-1.6516671556136186e-02
2.8900106642134316e-01
-8.1648395676611230e-01
6.8794293843535570e-01
-3.8285076329463284e-02
6.5019730619049076e-01
1.3597171278967206e+00
-1.0638037102877491e+00
-2.8693081475646393e-01
-1.1661318607931759e+00
-1.5607167922203500e+00
-5.7703138279485855e-01
8.5489459914331600e-03
2.4728719152286002e-01
1.7014824693725386e+00
9.0147265943758326e-02
1.1198882522863092e+00
-3.1196419451262242e-01
3.8605445292298146e-02
-3.8857606745796591e-01
1.0732557086748640e+00
-1.9442688928108598e-01
9.8986279788325726e-01
1.7456502385870246e-01
1.1918579291505911e+00
-2.9217876922945846e-01
-3.6427805418602260e-01
-6.6077494443034390e-01
-3.0429217911875406e-01
-5.7238629469135516e-01
1.1796967246135312e-01
-6.9453399278038785e-01
3.3322489149572121e-01
-1.0939508364394133e+00
-5.1177275050713622e-01
3.3332312648524653e-01
-2.1275456566572534e-01
-1.2571913661163077e+00
-1.8325542369968209e+00
2.3539043356394418e-01
6.3518210286916107e-02
-7.1275739296782770e-01
-1.2506647136680276e+00
-2.3841032726942452e-01
1.6173592052162533e-01
-4.5080276120840444e-02
-2.5243368822044285e+00
-1.8384781661621235e+00
-1.6686186844635944e+00
-1.8296084807540414e+00
3.4388962418469160e-01
-2.4907669558169108e+00
-1.7010829968528081e+00
3.0941667228171266e-02
-5.6908418173278585e-01
-1.5023043068244117e+00
-2.2344270458297233e-01
-8.3523594622815556e-01
-6.8807101768763285e-02
-2.7923642212181288e-01
-9.8637508803201734e-01
-7.7999924204717530e-01
6.3689765778358753e-01
1.5372006278097701e+00
1.6075064876954153e+00
-5.3934595478943359e-01
1.7171554411624362e-01
-2.5846110867005456e-01
2.4912221116761581e+00
-2.9024933144733289e-01
2.0364092761871091e+00
-1.6459967309966188e+00
6.8684453493174058e-01
-5.1997083970031910e-01
1.3381987422964148e+00
6.0953996287993673e-01
1.8875210179597408e+00
8.9298516129380223e-01
-1.5711344153728031e+00
-1.6472464905848665e+00
-1.8217969444702251e+00
3.0965913461461780e-01
7.3958487337340906e-01
-6.9668583094461423e-01
1.0042469299721370e+00
6.6277761721461348e-01
-5.5662583610055754e-03
1.7073442300920560e-03
-1.4517647993761865e-01
1.3589612129858366e+00
1.0945563498542883e+00
-3.8614007645058113e-01
4.9132146889879214e-01
-2.0748706663915955e+00
-1.9399926915571968e+00
-2.3995210854749116e-01
-2.6286144842196654e-02
-7.0836768219588253e-01
-8.8335795993584854e-01
4.5134960261827350e-01
2.2059717605291036e+00
9.8730608368278161e-01
5.9610820551839816e-01
-6.6465828239284996e-01
-3.0033194085844955e-01
-1.2949379910843539e+00
-1.1673665438735792e+00
1.5777332149257994e-01
1.0630732579865168e+00
-1.1105365728048140e+00
-9.5641731505093375e-01
-9.6604789643015554e-03
-1.6738979745888474e+00
-1.8073325472852784e+00
-2.5470249323190748e+00
-5.9440371961513361e-01
2.0265281787343570e+00
1.0830009960035087e+00
1.9023412255380832e+00
-6.7586718570350945e-01
-7.3616946172667752e-01
-6.9673715429885108e-01
-1.1546372063976336e+00
-8.1286992802695202e-01
-5.7473573220971330e-01
-3.4269841306093340e-01
-2.1261536909880729e-01
-1.1518294857843707e+00
3.6313376334399028e-01
-1.3660195362907908e+00
-8.9854474085957592e-01
-1.7871465894393608e+00
5.4146306405296399e-02
-4.9856483634821114e-01
1.6754244742428852e+00
-1.0428131726507690e+00
1.7187074404442418e-01
-4.9194260884660446e-01
-1.9665158824896709e+00
-8.4642023722880322e-01
-1.7380707959874504e+00
-9.1101716987116721e-01
-4.9431257140264284e-01
-2.4759684484690644e-01
-5.6013940378433502e-01
-1.3626595271271125e-01
-1.0910588980729324e-01
1.3659453183182455e+00
-1.9113073535352298e-01
2.7751918125605313e-01
1.2401941128494394e+00
-5.3904786903334800e-01
5.1792700605247799e-01
1.9560094852296956e+00
1.3202711215092620e+00
1.1975856084702496e+00
5.6838894896814918e-01
1.3828120647585540e+00
6.6054021104218519e-01
-7.0544353768298551e-01
1.5070249043775874e+00
1.1446996598136983e+00
2.0175249586329267e+00
1.2736368150491708e+00
9.9685222337273138e-01
6.7788700715362593e-01
1.6955291380764299e+00
1.1974534247672741e+00
7.9936682318995056e-01
1.3982424017561956e+00
9.9713704909689416e-01
4.8072705509345248e-01
-3.6873445726737608e-01
-2.6038916364713804e-01
-1.2246838149385577e+00
-1.3193227784567476e+00
-2.1885761860086733e-01
-3.8176215541932251e-01
-1.1085456782021451e-01
1.8364829023215312e+00
8.8680033709034889e-01
9.3064210330957042e-01
2.5669183421654571e+00
1.8505426000493528e+00
8.4094062278809478e-01
1.0503619892664060e+00
6.6552834424866281e-01
-6.9381780719399400e-01
-2.9721406908154946e-01
-5.9036891040716410e-01
7.8002279836436406e-01
8.8530275546039472e-01
1.9065263479020469e+00
1.6073728386030155e+00
1.0383194698643983e+00
-6.8373092663947144e-01
-1.6208176682151909e-01
1.2267926762963843e+00
-7.5205375305199518e-01
2.5788983927706801e+00
1.6985552021486343e+00
1.0837447583514614e-01
1.0876020567492839e+00
1.2362729219452380e+00
-1.2792317595978306e+00
-7.3558365798041181e-01
3.9589418588309810e-01
1.0946130488716113e+00
-3.5494341417266523e-01
4.3159986619294116e-01
1.1558910349318356e-02
1.1027407983959521e+00
6.3793146112761112e-01
-3.1322038500263127e-01
-2.7678515469912890e-01
-8.1132729204407428e-01
7.1424431843150205e-01
-6.7349980256499709e-01
-1.6129685420155957e+00
4.4523398982704776e-01
5.8404812500117476e-01
8.4792867406775252e-01
-1.3863799289275938e-01
-2.0083558654058864e+00
1.6311257945089830e+00
-4.5156502020314326e-01
4.2996144881372278e-01
4.7377251181878854e-01
1.4693529394951728e+00
9.5239524395400943e-01
9.5710798337580927e-01
1.5671496711384383e+00
-1.4788069811289482e+00
-6.1625797756108380e-01
2.1902804243547619e-01
-3.7877279406001768e-01
1.8089972874546598e-01
-2.9724832555661157e-01
-5.5584182754035016e-01
-5.7219206688907898e-01
-1.3178768057162631e+00
-1.1930180322649975e+00
2.2857805280937997e+00
1.8947756597576565e-01
9.9591956717546271e-01
3.0281442655537938e-01
-3.9417112723900155e-01
6.5741656062273179e-01
-5.7220743089608295e-01
-9.0510068897933671e-01
-4.4748579880660661e-01
-3.8248518497898548e-01
1.6279358351919435e-01
1.8292203819468080e+00
8.5062118303091949e-01
2.8430318251255560e-01
4.6045436148390451e-01
2.2679251507605680e-01
1.0377045123526443e-01
5.1880906120096348e-01
1.0241257595748678e+00
1.9381914900854208e-01
6.9237048662971779e-01
8.5934561327167502e-01
7.4441982493846537e-01
9.1148228919792851e-01
5.7109871711510697e-02
-6.4056995253225457e-01
6.0583064443943024e-01
8.6051891238029510e-01
3.7287193478566966e-01
-7.7891224867554065e-01
-8.7200111894909504e-01
4.7886376918354218e-01
-1.0205360541202446e+00
2.0104929035109396e+00
-8.2597321396320322e-01
-1.1071935701578302e+00
3.2849204400639282e-03
-1.8110903026685610e+00
-1.2649580760572574e+00
-6.3731354078916880e-01
-8.6488097566435451e-01
-7.3003481897689348e-01
9.7017828843859100e-01
8.2250541607063066e-01
1.3520237975128946e+00
1.4874949832038329e+00
-7.1952078682878406e-01
-6.4439260508391383e-01
-1.2589283257232111e+00
-1.6959158590281134e+00
-6.5817469602609391e-01
-1.2114885882039697e+00
2.0363642743225965e+00
1.1033370049189117e+00
1.9645991431803731e+00
2.2150076042556170e+00
1.1074494752894635e+00
-1.6493899805882672e-01
-9.4446918701297045e-01
-2.6040333997053899e+00
-1.3380966588717270e-02
-1.2587040861811878e+00
-6.3563187064445792e-01
2.3962155311081790e-01
5.4196555153184423e-01
-3.0455394497284372e-01
-5.0755178401421108e-01
-3.9520602104448699e-01
-7.1437145552258974e-01
-5.7635900583630773e-01
-2.0770910441144315e+00
-1.1045343271513888e+00
-3.3870730349004869e+00
-1.2366453967661695e-01
-1.5072707451990908e+00
-8.3585637528215617e-01
-1.1024757168037114e+00
7.6670061528143374e-02
-3.0225081282144201e-01
6.2141778601749742e-01
1.1547156773043528e+00
3.4880721950855637e-01
-1.0427475109784061e+00
-1.4107627166838408e+00
-1.4271017685536904e+00
-8.9499825100483288e-01
3.8882143758189769e-01
-1.1315939527115557e+00
1.1316079736167748e+00
2.6546475285283289e+00
1.3018971569203044e+00
2.5293160763795175e-03
1.1267797412967280e+00
-8.1738152809213194e-01
1.3138053469973296e-01
8.1883391618909362e-01
4.2254019335936491e-02
-5.8822687299495302e-01
1.6119825320135699e+00
1.3121173953333785e+00
1.8461965141986731e+00
4.4079437273028527e-01
5.3985239737576418e-01
1.4272797505309385e+00
-9.3787375376532578e-01
1.1790330800993467e+00
4.0614123666361446e-01
-1.4195854316761785e+00
7.0356149256335243e-01
-5.9938295809781494e-01
-1.3915275255164947e+00
2.2764171598756822e-01
3.5235235209112559e-01
-5.6785726433985118e-01
-7.1755518920169536e-01
5.9263678060450808e-01
5.8822308591247530e-01
-1.7355913527795970e+00
1.3003121346277804e-01
-9.3223376369715150e-01
-7.1858021086603626e-03
6.9775044045285095e-01
1.1247734209291314e+00
6.0688701571450321e-01
-1.4199196411997799e+00
1.1026303829047599e+00
1.0576250469210970e+00
1.6765088938251442e+00
3.1218874110145362e-01
-7.8609816965455714e-02
-2.0835860760189919e-02
-3.2086959473806370e-01
-1.4045909661339464e+00
-6.6194845124763313e-02
-1.5638190888031513e+00
1.3069441287084445e+00
7.7602432794439213e-01
4.0372206638660074e-01
-5.7231616432450130e-02
1.4014928368260646e+00
5.3772037624395919e-01
-1.3204511060473845e+00
-7.5787642021071644e-01
-1.2686061802370685e+00
-3.7699523801280860e-01
-1.1961090168616978e-01
-2.4813870655167958e+00
-6.3853305474609579e-01
-3.6583978567936321e-01
-5.7899416102722934e-01
-1.4426825640255645e+00
-1.3252923079855043e+00
-1.7340169157390368e+00
-1.6144544935100524e+00
-1.3405040158686978e+00
-2.5785007429259288e+00
-9.8898420675537835e-01
-8.3487914072974179e-02
-5.0383104357267838e-01
-9.8634671793913453e-01
-2.5374577585774333e-01
1.6038852916322238e-01
-5.1500150887486706e-01
1.2920887949624413e+00
4.0658720905926737e-01
7.8842508624535679e-01
1.4003874639329861e+00
2.7562901076857491e+00
1.8570815620891612e+00
1.2075945909924459e+00
4.4569332499318326e-01
-4.8023623917679947e-02
-5.7809962808526039e-01
1.5610705202307434e-01
-7.8829574873855757e-01
-1.3434659370277784e+00
-6.2402008879911686e-01
-2.9138450125879722e+00
-9.5507096974100303e-01
-3.3897236144568954e-01
-6.2956506929387679e-01
-7.5722068272206633e-01
-2.1998200836265331e+00
-1.1863316591416273e+00
-1.3826020827939620e+00
-2.4392634958782344e+00
-1.1937674527557720e+00
-9.6034266984468342e-01
-2.1150052395610333e+00
-1.4271839433867881e+00
-1.0878332171976208e+00
6.1734391301148328e-02
-4.8918349808992595e-01
-1.6730624805042662e+00
-2.1596345877262881e+00
6.8208164944517069e-01
-7.8601085694530093e-01
9.1800650484394231e-01
-3.8474094431854394e-01
1.8865849066512080e-01
-1.4070788986717127e+00
1.4401971872713193e-02
6.8108915899661715e-01
6.4101922611053086e-01
2.0149731105734298e-01
1.0895343385659306e-01
6.5441015110285228e-01
4.7458077387774300e-01
8.8839059783467023e-01
1.0409498536511037e+00
7.3308840464797564e-01
9.2711833880059724e-01
3.7182794135102337e-01
-5.5480006836607743e-01
-6.1851924970602923e-01
-7.0477873190633367e-01
1.1649828127414368e-02
-9.9991916583058627e-01
-3.8710053853706633e-01
1.7528667481555416e-01
1.2781159798077946e+00
6.6215004194729954e-01
7.0347720662511426e-01
2.6908515092929874e-01
1.0809115468304236e+00
-1.8465745929453625e+00
-1.0183142011152532e-01
-5.7650588496879762e-01
1.3197145863131576e+00
1.5641147383012914e+00
8.9604027395857289e-01
1.8301244326025667e+00
8.5943726877640958e-01
-4.6664929273121936e-01
1.0308682533324079e-01
-3.5482385650450488e-01
-4.3441632769216948e-01
4.4435842109876511e-01
2.3279132754110038e-01
7.9318131181764717e-01
-2.9245176652705368e-01
-1.0160251459431338e+00
-6.2474814327696693e-01
-2.2189249954493024e+00
-1.4360775031114550e+00
1.2456359620125248e+00
-1.0054404989605385e-01
2.6797582664164805e+00
1.4238665806409537e-01
-2.1070448921502671e-02
9.0654637590468068e-01
1.4130155290847672e+00
1.4035888198748010e+00
2.8890560310201647e+00
3.4832789795492398e+00
3.0909834666908926e+00
2.0027002456831116e+00
2.3169412010881456e+00
2.1723215956785600e+00
1.6876651429713010e+00
9.7947512668360315e-01
5.3843946447764301e-01
5.3336810230848597e-01
5.3969602855786292e-01
-6.8989848647324159e-01
-1.7220962227114476e+00
4.7554077496668545e-01
-1.0021148308614043e+00
-8.3904113426533466e-01
-3.8690384423966706e-01
1.6239439463797651e+00
1.6018489219327479e+00
1.1486316443022160e+00
1.8136853322423048e+00
1.0981388582032119e+00
2.2140141656637913e+00
1.3899289298248789e+00
2.3423193586525071e+00
2.5012618863050995e+00
-1.1796119054167553e-02
8.7648414263377661e-01
-6.1986725242518137e-01
7.5855987437734229e-01
1.0681637634877630e+00
2.3870559657937060e+00
2.2715297324170978e+00
2.1225692960117479e+00
2.8313883671859297e+00
-3.7931614465731883e-01
-9.8472892261052214e-02
-4.6035386941897655e-01
4.8912224989438452e-02
-7.6350365638888119e-03
2.4679875453678043e-01
1.1429890212015703e+00
-5.6567722491252637e-01
-1.6353122756693987e+00
-5.9655054145499875e-01
-1.4382582979427577e-01
8.1758264163690475e-01
-6.0176036235332220e-01
7.0284867892887171e-01
2.1818946911528619e-02
-1.1810734500072573e+00
-3.4477059140234029e-01
-1.6350873840373721e+00
-9.6025435684649552e-01
-5.9172995572610976e-01
-8.7693251224316604e-01
-1.2620052261073156e+00
-9.3303617612943845e-01
-5.1759245976759527e-01
1.0417041560746979e-01
-1.0476106353042018e-01
-4.1706938200126858e-02
-8.7075588894601416e-03
-7.9354253057394653e-01
1.2398440398851140e+00
1.6559475589001653e+00
3.1159568224860132e+00
3.5892856538508827e-01
-8.0510588953727125e-01
-4.1733023644042959e-02
-1.4923381266440583e+00
-1.6980115479501168e+00
-1.2046264840448078e+00
-1.2502525594434835e+00
-4.1462782650326230e-01
-2.1146147795986834e+00
-5.2183162240615488e-01
-2.6019084875969747e+00
-9.1000971992880930e-01
-3.0739344009149577e-01
1.3597570351120116e+00
-1.1059778975769927e-01
1.7524388960051818e+00
1.4034472112738172e+00
1.8975046087296079e+00
1.4270744502010946e+00
1.2132294114414965e-02
-1.0394141354270183e+00
1.2071305016139313e+00
-3.1228793355820389e-01
-6.6686491356909672e-01
-1.6104452122221740e+00
-7.6549536432506138e-01
-7.6840941351266123e-01
1.1812667868780691e+00
6.9343481623842707e-01
7.9036273295988502e-01
1.8748322630254797e+00
-5.6176920789656082e-01
2.1379235328869642e-01
1.0824522241203527e+00
6.9754391931581228e-01
-5.2013280923342509e-02
6.5965836788053456e-02
-5.8007312335722559e-02
-1.9469767896413795e-01
-8.4203312453750179e-01
-6.4591601637186158e-01
-5.4623512766627247e-01
5.0320649736927114e-01
2.0172798433822614e-01
-2.6447806421409705e+00
2.2727937711073789e+00
1.1385642167973427e+00
9.0517219394192960e-01
4.3174035221637569e-01
-1.5303196965018415e+00
-1.4347731484684714e+00
-5.1392468461222740e-01
-8.2657729309775407e-01
-2.0215755904418540e+00
-2.3378904703660444e-01
-1.3253587116343808e+00
-1.6937415419201480e+00
-3.8510481653900708e-01
6.4303480401213878e-03
-2.6895752525294296e-02
6.1380991365732329e-02
3.3567652687614968e-01
-1.0740419337635934e+00
-2.1008518178112334e-02
-1.1889697980286160e-01
-1.2748848367975085e+00
-3.2662672290666794e-01
2.1336953980919837e-01
6.4745037023710328e-01
1.2167633579179374e-01
2.2777102307205146e+00
-3.0772244900168733e-01
1.2677435885957280e+00
1.4507824644170673e+00
1.7248767410708365e+00
9.1907631966549452e-01
1.1106284640191486e+00
1.1242593931179878e-01
5.7024679350358549e-02
-3.3125823873763327e-01
-5.5893255760676619e-01
-2.1021460547531570e+00
1.3233354242646982e+00
-9.6334965024700525e-01
9.5194397651100193e-01
-6.2321020430590823e-01
-1.4955253723299153e-01
7.8494565214249212e-01
-9.7617118499208888e-01
-3.1310885017751422e-01
3.1466891021254179e-01
-3.7768288476267620e-02
6.1633984027604560e-01
1.5974198751448363e+00
1.0641029641838877e+00
3.5732977675011118e-01
-4.6006652279116200e-01
-1.9136377058324063e+00
-1.5273283098936732e+00
-1.4450087733241790e-01
-3.6741506819266484e-01
2.7983798630780288e-01
1.7869603331794879e+00
4.9941765574920693e-02
3.3977082368392530e-01
-9.1314486529629058e-01
-7.3998456708445182e-01
9.4306525599995861e-01
-7.7167193238908738e-01
-2.4575899876612404e+00
-8.8563831975392993e-01
-5.4319011307113807e-02
5.1739657488369639e-01
1.0760284542602070e+00
1.0025792865925955e+00
-5.7042141378147015e-01
1.7855326934601670e-01
2.6642366978129695e-01
9.8783313018284663e-02
1.2170238416240492e-01
6.2991468327211864e-01
4.6766299123738836e-01
5.0477466739840182e-01
1.1529186441661781e+00
-6.9896982951962783e-02
3.4052529782388208e-01
5.0552784631355474e-01
-1.5671273199523974e+00
2.1331964583856128e-01
2.4447387772980544e-01
5.6346654850788802e-01
7.2685553916934875e-01
-6.4452454423084782e-01
-8.7985421285851884e-01
-2.0218419043559610e+00
1.5536036060058191e+00
-1.4365599802905407e-01
1.2356950230605437e+00
-8.8287416998833371e-02
-1.8996771453298211e-01
-9.2405166510497738e-01
-4.7547065116462123e-01
-6.2892304467408100e-01
-4.4925968707514607e-01
-1.1845131615108287e-01
-1.9567130185714217e+00
-8.7303244113113576e-01
-1.2200815334485000e+00
1.3564288571846548e+00
-1.4733747186323565e-01
9.5034806746865119e-01
-9.2522320605521391e-01
2.6643690787464636e-01
1.2857581804671785e+00
9.6087852935865325e-01
1.3161552927857161e+00
7.0104558686655660e-01
1.8970993512714969e+00
1.6200006456259626e+00
5.7563922006188151e-01
6.4229688886641059e-02
-6.1864924409370958e-01
-5.2678682947148858e-01
-9.2217567449861904e-01
2.5937005174727645e-01
-1.9731094754408224e-01
-4.7112874677009908e-01
-1.1816085798332523e+00
6.1063646642217070e-02
-1.7952570478689804e+00
-1.1756120031978641e+00
1.7018900945747328e-01
1.3240751908614501e+00
-1.0772723896589742e-01
6.2089700089737132e-01
2.4521632824316262e+00
5.6575084861114600e-01
1.5287897980943630e+00
1.6283168736079152e+00
1.6439932496912033e+00
2.5575288951729220e+00
2.1691072111586154e+00
1.4678583996603312e+00
3.5854522216931155e+00
1.9077295177529374e+00
1.6456118867947844e+00
1.7931332946734067e+00
-2.3732893601704701e+00
1.4809396380767796e+00
-1.6914058866434474e+00
4.0682150252812199e-01
-7.8412920931969365e-01
-1.9325039934779964e+00
-9.5909485857748056e-03
-1.0811571206375123e+00
-2.2467021814087307e-01
1.3082381014080047e+00
3.1526852464816901e-01
2.2013684745855668e+00
1.5654740884957492e+00
8.2798560782925235e-01
2.6208855092359107e-01
-1.8602459490546555e+00
-1.7243786937938488e+00
-2.1567777746643721e+00
4.5300294293291699e-01
9.7605972823517073e-01
1.0120070792247984e+00
-7.1258032069344779e-01
-2.9223870621943657e+00
-5.1113717571536521e-01
-2.6866325090224557e+00
-1.3045045680813294e-01
-8.5495213443500995e-01
5.4612726639809994e-01
-5.6058510775736581e-01
2.4998114985440542e-01
1.6266684977685495e+00
1.7741068605832753e+00
1.6246157025166532e+00
6.2314986602996214e-01
-2.6067887416369246e+00
-8.8138358517558704e-02
4.2397066404639805e-02
1.0707750775364515e+00
-1.3206212964064461e+00
-3.3261875091329623e-01
8.2984168420807558e-01
-1.4787519517814807e+00
1.1117213921975968e+00
-5.7005332084372695e-01
-2.0999701355022240e+00
-1.1814240660667856e+00
-6.9464956832813729e-01
-2.1920111728531424e+00
-2.1759951201156147e+00
-2.1994581192539111e+00
-5.9248148565766157e-01
-1.2701298059817769e+00
-9.0702770431223534e-01
-8.6352279898944240e-01
-1.5363846330307962e+00
-3.8081714641047482e-01
-5.1448811442845854e-01
5.9699404378722576e-01
1.0560343720285634e+00
1.6478650675803188e+00
-2.0664079274102398e-01
1.4925044704436374e+00
-1.7775938404714373e+00
-1.5700558353420182e-02
-2.0524966947017149e+00
-1.1467069461738866e+00
-1.2548920664814935e+00
-1.8979219180520879e-01
2.8051989614442607e-01
1.5089327674870743e+00
-2.3976394492356012e-01
-2.4443378289096568e-01
8.2449543937403380e-01
-5.0893244937320170e-01
-1.0982160598482742e+00
-1.3341284346304001e+00
-4.6087716701159187e-01
1.0354072768584517e+00
1.1730617163473531e+00
5.6313585570755120e-01
2.8566038283601003e-01
1.1862730429554380e+00
1.3648222528614200e+00
6.3213343663255395e-01
-1.1721895205306785e+00
-4.0949814783659982e-01
-1.5506057325498979e-02
-4.4638489469322085e-02
-8.6361059538833648e-02
-1.4494660217444097e+00
-7.3657034494182250e-01
5.3582613136402713e-01
-3.9556196611349287e-01
-1.3319795141713531e+00
2.7964440118605682e-01
8.0423627619173343e-01
-6.3088290489026755e-02
6.4136343872198165e-01
1.4208300579381028e+00
1.8801704518259228e+00
2.7137054719881948e+00
1.0812653672143564e+00
-4.9886915144047217e-01
-6.6851031283635121e-01
8.0923254302354253e-02
-7.1919738036290440e-02
9.6913366701570891e-01
-1.6059357408877952e+00
-2.4962330391614467e+00
-1.1927772179756675e+00
5.9387500906284174e-01
4.5392770522025366e-01
-6.8118198604934721e-01
-3.2416380697475666e-01
-1.6104196748797950e-01
-7.4464882176059954e-01
-1.1463599876319166e+00
1.0051914857825044e+00
1.2957685631690539e+00
1.3244891938552997e-01
9.1533737046583824e-02
6.1038758240724966e-01
1.2709322396882980e+00
5.4600304110109250e-02
1.0515368291249061e+00
8.1895684705914507e-01
2.4852824640173377e+00
9.1823322946143204e-01
9.4558958466937337e-01
-9.3254432396195663e-01
1.2912773371371242e+00
7.0546722127016082e-01
6.3081421022375894e-01
2.9332513511121134e+00
3.0190242655029698e-01
7.7830553262612390e-01
5.3108636754721683e-01
1.8292849526848094e+00
-1.8053456575206717e-01
6.3357689333482758e-01
-1.0335099146398794e+00
-3.2229684551371768e-01
-1.0012610170455769e+00
-1.8698242804465215e+00
-1.6597497617952246e+00
-1.8656792057420220e+00
-7.9614578215042042e-01
-5.8453775261092369e-02
5.8743596746732918e-01
1.8781297274346798e-01
5.2867700546536867e-01
9.9756470043924239e-01
-3.0644114548041779e-01
-5.2740389176977098e-01
1.9853746367565764e-01
-1.8250346898578860e+00
7.7638509471706363e-01
-1.2081347430682704e-01
-6.0290833408713385e-02
-8.3347890329901231e-01
-2.7644938348495968e-01
1.3407391859255324e-01
4.2017550252823349e-01
4.4037677137164322e-01
-8.5279745564384418e-02
-7.3765574647079768e-01
-1.7665473591569727e+00
-3.1901547111943747e+00
5.2360276272586725e-01
2.0840562529941897e-01
-2.1740223245744872e-02
-7.6733471429969935e-01
8.6811145607408069e-01
-4.3426519343310782e-01
-7.9937717615449466e-01
-7.9903012061129064e-01
3.4202209583194976e-02
3.2533516716612282e-01
-5.9771840436237544e-01
9.3110842953702977e-01
1.1373779552084657e+00
1.2324932642490625e+00
-1.1543991667238438e+00
6.5443172904608915e-01
3.8713070643940034e-01
1.0480908026542117e+00
-7.0028378001901370e-02
-4.9329784433229085e-01
-4.1871199022907896e-02
3.3601969679120536e-01
1.1829141226849846e+00
2.7968698023550426e-01
-6.5189094164773653e-01
-1.3605970652123476e+00
-5.4551402505241675e-01
5.6238465788347547e-01
-9.1909941723476030e-01
-5.9391614491237188e-01
1.1225717306877363e+00
-1.0358653568594492e-01
-1.0043209922163729e+00
7.0049074659382782e-01
-2.0705179318937534e+00
2.5035572631191511e-01
8.6392956961572254e-01
-9.1790351241606394e-01
-1.8131514474278687e+00
9.3042161834955650e-01
2.3323945875263774e-01
6.7310838389702476e-02
9.5663266102570491e-02
2.4482768326601201e-01
-1.8797171962167619e-01
-1.6777466937846752e+00
-9.9020014681252078e-01
-1.5981598486673765e+00
2.4719828190088544e-01
-1.8951794541936309e+00
-1.7828246020473133e+00
-2.5588868027556848e+00
-1.9360318481196701e+00
-5.7869211306417534e-01
-1.1528748057177651e-01
-1.4242515889989729e-01
2.4695414521569387e-01
3.7849573384619734e-01
3.8860130378220525e-01
1.5101455205455034e+00
-3.1732100873959623e-01
-1.2401258842856384e-01
-1.5404701109841665e+00
-2.3424685773238285e+00
-1.5636963227865084e+00
-2.4792774703333169e+00
-1.9973122467840168e+00
-6.0981753018774909e-01
-3.2413032538760345e-01
6.6074303749625718e-01
3.2652543704546910e-01
-3.1918787499436063e-01
1.6733256303650157e+00
9.3601588571960559e-01
4.0565481960571964e-01
1.3079045242123541e+00
-1.8886565758285045e-01
6.9680147929350933e-01
-9.0068211311634461e-01
1.9156622251808399e-02
-1.7804556631350635e-01
6.3303277491144916e-01
-1.5936636763094869e+00
-8.2694983295289598e-02
-2.6630255382992968e-01
-1.4217601171457267e-01
-8.9219266657376806e-01
-8.0486466725592828e-02
-2.1741610609256585e+00
-6.0285856181234687e-01
-8.9557446273175012e-01
-4.7546150803718451e-01
1.2307814326403896e+00
4.7743811438836709e-01
1.3680163136030177e+00
-5.4574277526440274e-01
-1.3029693323802976e+00
-1.7972800004125325e-01
1.6888683772177260e-01
-1.2012668582736938e+00
1.7165347417888677e-01
-9.6677576977496360e-01
-1.6128152016761437e+00
-7.1652992132403248e-01
-8.8324047444767317e-01
-2.0660259774670320e-01
-9.5361601390995343e-01
-1.0608754221298609e+00
5.8059946965059461e-01
4.4381630253332338e-01
9.7478713842827103e-01
1.4221932610005428e+00
9.5832993260323707e-01
6.7876734756799895e-01
1.5894480692645989e+00
7.7043447169126733e-01
1.3622720737302424e-01
3.1872124860973849e-01
5.2869323133407364e-01
-8.4331384373729801e-01
-8.7002275398100992e-01
2.2728426907353264e-01
-1.3504235111934619e+00
-1.9793945495924852e+00
-5.8573392608613761e-01
1.6229270319704567e+00
-6.2100957508786570e-01
2.4829981007521490e-01
1.5621943109505905e+00
-1.2470635450115454e-01
-1.1829157028944646e+00
-8.9190378992762243e-01
8.4628481394128308e-01
3.7971836696566419e-01
2.6932129894595489e+00
4.3526800580551372e-01
1.8802790937151119e+00
4.7598784415653198e-02
2.2052168271891062e+00
2.9262060132567762e+00
7.1028343412240935e-01
-1.0118342572466943e+00
-5.7345247646853115e-02
1.7216167569651075e+00
7.4885476049924160e-01
-3.9962731425536779e-01
-8.1352947660516550e-01
-2.4068203844977418e+00
2.3980937251117362e-01
-1.1886728789628580e-01
-2.1618781519160968e+00
-1.0695563832846682e+00
-7.6407538035929945e-01
-3.7036433264179397e-01
-5.7845777003367926e-01
-1.5897694979713731e-01
1.5024792826605626e+00
3.2458236000666707e-01
2.0976967992102569e-01
-6.0133775613457319e-01
6.1357396879605730e-01
-1.9039972700670595e+00
5.1796715430887674e-01
1.2527062382126735e+00
3.7229656544444695e-01
7.3413379522943423e-01
1.1831138100642538e-01
7.2511659593882516e-01
1.9459319087668634e+00
2.5266236908866433e+00
2.1488121322625133e+00
1.0639312569922446e-01
2.3054436178964917e+00
-3.0244827605751989e-01
9.8251944410744896e-01
-9.3583021561442672e-02
5.3609223044619680e-01
-5.9099491719469266e-01
-2.2139917961644398e+00
-2.4663650087321834e-01
4.0393389561563353e-02
-6.9583266580399028e-01
-2.0617418898034670e-01
-1.1196290189247899e+00
-3.2350143995252978e-01
1.8545944833463806e+00
2.1985966859467228e+00
-9.5552392407167504e-03
5.3879046901858241e-01
-8.2547201736085241e-01
-7.2070571654651017e-01
-6.7089227259898743e-01
-5.3518885131853766e-01
3.9306114260557384e-01
3.2054217801519500e-02
1.0173440145566555e+00
-1.7022121532992562e-01
-8.5877392206799963e-01
-1.4791463722362086e+00
6.7736692096235340e-01
-4.2352290181779229e-01
3.5030470784978418e-01
-5.2865696850190336e-01
-2.5042768076687216e-01
4.3574695665809210e-02
-3.0327999099818420e-01
1.0920078104884334e+00
-5.9491253522518261e-01
6.7781418759958467e-01
-3.2793956107190386e-01
-7.8847836956322470e-01
5.2757792840696305e-01
1.2204431999005683e+00
2.2765198974586647e+00
9.0755271024364104e-01
-8.6588461736690714e-01
5.1902179798057879e-01
-4.9052421335705826e-01
2.2960443749092874e-01
-1.1274108187846263e+00
-1.0850351015352451e+00
3.3376103621295844e-01
-5.3716686377921974e-01
-1.0690156056883386e+00
-6.6768210693739927e-01
2.6787045486137584e-01
-1.2942461772525831e+00
-1.3940397796292519e+00
-4.0381378481214364e-01
-2.3941429203297702e+00
-1.5173412365024632e+00
-9.7495573687724713e-02
1.3956275863542139e-01
-6.2048068728822248e-01
-1.8645013759981548e+00
2.6702612753370009e-01
3.8954013220954226e-01
2.0055570105391447e+00
4.9682796659024903e-01
6.9730085974392997e-01
-1.1904582476753609e+00
1.0459081465404847e+00
-2.5988644266030386e-01
-1.7292113197808662e-01
-9.0166509058917432e-01
-1.6129391060657370e+00
-2.1288842868240589e+00
-1.9940116328746209e+00
-2.1940345557294938e+00
-8.8709557973020903e-01
2.7418556961973950e-01
9.5178023792517341e-01
7.8573408431044212e-01
7.8636191216920212e-02
8.8251167504273220e-01
5.5214739843982763e-01
2.5668291220347395e-01
-7.7821299010285194e-01
-2.7084819713723313e-01
1.9947657258651583e-01
4.2015080872268729e-01
7.7924571375856699e-01
-3.7441247518275012e-01
-2.5640556613636922e-01
-8.2704854700495845e-01
3.7945483628945531e-01
-2.3876516343750449e+00
-2.3718640824812182e-01
-5.0430563217658320e-01
5.7890101436200003e-01
-1.2953477753337266e+00
-7.3684159655272108e-01
-4.4976968876843521e-01
-4.3097759221345949e-01
-7.6890000256655922e-01
-1.5040948790035874e-01
-2.4386657931909212e+00
-1.0289192793574613e+00
-1.0645478077814012e+00
9.0916384952398149e-02
-3.5754610176757318e-01
1.4803086474558387e+00
-1.0318122377311063e+00
3.3102473759778095e-01
-9.4618909087437464e-01
1.6868460600061217e+00
-2.4427204628407717e-01
9.3501718390925914e-01
6.8332508561590594e-02
2.4284563002201650e-03
8.2856182354912911e-01
1.3846697238961936e+00
1.2204352346156366e+00
2.6818174635022157e-01
1.7649224956095919e-01
1.5779268106013227e+00
3.7754564814765795e-01
3.7823064133114009e-01
9.4564992490305019e-02
-9.0725967819192521e-01
-2.5172358599678741e+00
-3.5389857078280551e-01
-1.2408842414935166e+00
-1.3860805283437554e+00
-1.1204485898079057e+00
-2.1455882364004655e+00
-7.7700412238569339e-01
-1.3295696234999360e-01
1.1081257681615750e+00
-3.9172732460110674e-02
3.5947029489053817e-01
-1.9160352799787314e-01
-2.7992981655450494e-01
4.2465947932022596e-01
9.9643717345194352e-02
-1.1755559082851055e+00
1.9502319252439998e-01
9.5610790059108119e-01
7.8228508462223822e-01
5.2105207874871262e-01
-3.6000616528982321e-01
-9.3459151012352096e-02
-4.5629721349594377e-01
-8.5570599952010018e-01
-5.8849743497939822e-01
-8.4815968293909827e-01
-1.9284255894933704e+00
-9.9758393781352639e-01
-1.7912813291841689e+00
9.0754420926359547e-02
-1.7844647489407917e+00
-2.5305139429732465e-01
-1.4708581395732572e+00
9.1064017395774188e-01
-1.4141314769888356e+00
-1.9375714066097114e+00
-3.6809831736094523e-01
3.3424659394386665e-02
-4.1158057389154762e-01
-2.6747198672704375e-01
-1.2507030999841355e+00
-1.8244080124329969e+00
-2.4494713126486367e+00
-2.1047174453099631e+00
-1.4187632048139494e+00
-2.2165517099253980e+00
-2.4120161248912000e+00
-1.7322985786629379e+00
-4.3886553558784369e-01
-8.4733710867125700e-01
-4.8839616829542010e-01
1.2154347157602834e+00
-9.0625263785147880e-01
-1.6995065260997888e+00
-9.0290720462423657e-01
6.0879916927486044e-01
-1.1301296921568327e+00
-1.9099675118858974e+00
-3.4571217300855817e-01
-5.4874645630595520e-01
5.5144751888420518e-01
4.5472338698996401e-01
2.1561996566842714e+00
1.0550582865489000e+00
8.7865230204498168e-01
-8.2729654852320389e-01
-1.3665432320877868e-01
1.1298877550240900e-01
-1.2008969730406991e+00
-1.7940252598872377e+00
-2.0593515637137010e+00
-1.8558164589637500e+00
-9.4426192706371903e-01
-1.8092845002786819e+00
9.0027695403507246e-01
-1.2756757831037571e+00
4.5257883197208665e-01
1.4009880662238752e+00
4.4353541247061801e-01
-8.6076410206087625e-02
1.9503914151042169e-02
