-3.0669411778563216e-01
3.4404785353703876e-01
-1.8324952638882822e-01
1.2766756304824857e-02
-9.9453144184384057e-01
2.7273392586662619e+00
9.3592406127196248e-01
-1.1085710932665103e+00
-4.2431072060023467e-01
1.3463855895026544e+00
9.6649808332185672e-01
2.2331663986772252e+00
1.7804821401150213e+00
3.0962074385193994e-01
-6.0863689950459432e-01
-6.9423458076175470e-01
3.0626143322914734e-01
1.7939430077543711e-01
1.5877800124710351e-01
5.7025398650968939e-01
-5.9710707010462938e-01
2.6501278272801504e-01
-4.2053882676235992e-02
5.0741061763649309e-01
1.2493358547785913e+00
-4.4169453247127805e-01
1.9026048441961250e+00
1.7816390833528721e+00
2.0813166537910641e+00
-7.3506124131310760e-02
-1.7614241776258921e+00
2.2755420079832603e-01
-1.5332264950588199e+00
5.3181941895733731e-01
1.1544122472977589e+00
-3.0277782392944896e-01
-1.2297015569673857e+00
1.6053202943170068e+00
3.9787137741882972e-02
1.9274837219419254e+00
1.8082227634169570e-01
3.6698748542586576e-02
-1.1252930176396898e+00
-7.6112234720911276e-02
-8.0969482824360972e-01
3.9585357887012118e-01
-1.7096626364321765e-01
-4.0935240854088378e-01
3.7337782543814557e-01
2.7600680432735097e-01
7.4404738294642403e-01
1.6902795982508521e+00
-7.4605457317963375e-01
1.7314588234410635e+00
2.0482354341216622e+00
2.6028954055769606e+00
1.9598496858774652e+00
6.6434965673986768e-01
1.3605195173029401e+00
6.2540132271774440e-01
6.1810383565049304e-03
-1.5841671224785286e-01
-1.7910236200270659e+00
2.9137319366745729e+00
9.0347719636793522e-01
-4.3861026860524038e-01
-2.3984660870277549e-01
-1.4693411338370668e-01
-2.8656890963902859e-01
1.3823383976324406e+00
1.8942154064835628e-01
1.2745465269412799e+00
1.5135754297509838e+00
1.6814977968679241e+00
6.3430877016500442e-01
-1.3162286290939595e-01
1.5150885336677822e-01
8.6734000994989247e-01
2.3480993327398667e+00
6.6880409775799166e-01
-1.0445958828973688e-01
1.3713893327312845e+00
1.6132855050777256e-01
-2.1221306294416422e+00
1.9167774960498183e+00
1.4298011196583258e+00
7.5288829543541924e-01
-5.1244529048100644e-03
-1.0411482095565423e+00
9.2407162830711853e-01
1.1729334019483182e+00
1.2546288466344141e-01
-2.2194183875238336e+00
1.0876020159294009e+00
1.7553718656164390e+00
1.0924199611261538e+00
8.2356219835888989e-01
5.0114857429077275e-01
4.8102741643221852e-01
7.6317633142298291e-01
6.9624134740214116e-01
1.8598565339554143e+00
4.6999677765103021e-01
-3.9212235203695062e-01
-8.3960711930882814e-01
5.0778284590469580e-01
-7.6238935235005703e-02
-3.6901321244138985e-01
1.8093378801602089e+00
1.6296544039025185e+00
1.2413514824077729e+00
-7.5737214665967167e-02
5.7518980421726329e-01
-2.6585604356494646e-01
6.0317123703440534e-01
-5.7887867637052037e-01
1.4335780921221351e+00
-1.7936391563205614e-01
3.3114444189931841e-01
8.0551333807545733e-01
-8.2853181702646550e-01
1.9458183987369406e+00
1.3805615773243518e+00
1.4852643028367469e+00
2.2385353450509373e+00
2.0008681176541327e+00
-1.1469429269028257e+00
8.7929062872675035e-01
-4.3772364421974408e-01
-4.5604590496947200e-01
1.0903260948894737e+00
3.0716684786682180e-01
8.9845514911453461e-01
1.9096745017840815e+00
4.4907985577197634e-01
-1.1605758928670289e+00
1.4372022662566584e+00
1.4675065682211913e-01
-1.1182734111202379e+00
9.1154484156850168e-01
1.6308674414145602e-01
1.1290212618719098e+00
-5.2444902512697655e-01
-3.4637145639699385e-01
-7.1428776685743778e-01
9.8154069007156119e-01
-2.1155370234611856e-01
3.8778935689875516e-01
-1.2012796403166213e+00
3.0208511583904403e+00
-1.9032270773296314e-01
-1.0586979612301479e+00
4.6093854177784682e-01
9.3647238820477252e-01
-1.0152651008654145e+00
1.2136957093188636e+00
-7.4411675162305524e-01
7.6103246436921929e-02
1.0556917783999660e+00
8.5020928471381607e-01
-8.0435020628861675e-01
1.7546159805462853e+00
-1.2348634504148150e-01
-8.2686750622279648e-01
-6.1838442584605391e-01
-2.5312447651248338e-01
-5.8774819375661336e-01
-9.0624691535297275e-01
9.3403231886818661e-01
-5.2809463795293177e-01
3.5913965433479661e-01
-5.6120072161712151e-03
1.2947514294880442e+00
5.2350572572075649e-01
-4.4660261419969854e-01
-5.3470004598534115e-01
6.5485046715614201e-04
-7.3676867780301247e-02
-4.3609977302020148e-01
8.4510447771021691e-01
5.2404947074215509e-02
-9.6991505570682715e-02
-1.9593021298945623e-01
-2.4511024419268078e-02
-2.0302656166380378e-01
1.7726975313194018e-02
1.8169004525423693e-01
1.1715037384362361e+00
3.6927928074806821e-01
9.0148698735849053e-01
-8.3300966189190773e-01
2.5879845138132218e-01
1.1177795555790679e+00
5.4885027315914614e-01
1.3843055154005768e+00
-5.8233231244872086e-01
1.4935091604249493e+00
8.6725250000446874e-01
-1.9866432501515803e+00
1.3037766860440481e+00
8.0390203241659541e-01
1.1897072682541088e+00
1.0593630132826733e-01
6.3242323562691372e-01
4.8337665432556826e-01
-1.7179092915694387e+00
3.2066837391049376e+00
1.2005707900115152e+00
1.6006041330129810e+00
4.8057371607996063e-01
6.7478454163746060e-01
-8.4837055612937556e-02
6.4692992046697295e-01
1.9887964936330671e+00
1.9466603706577670e+00
2.2877203287183416e+00
4.1494375328708505e-01
1.1313627702249185e+00
3.4404420479002634e-01
-1.7809020585117548e+00
5.8320919885869837e-01
4.5583373818476125e-01
-1.0093241414147771e+00
1.1073458862424439e+00
-1.0043433354031760e-01
-9.3924075151148168e-01
1.7350133959509287e-01
-5.1039941797504718e-01
-1.0930966582616675e+00
5.4424412610108752e-01
1.2149253127160236e+00
1.5134032738969065e+00
-9.2666448449121488e-02
1.7537511225715992e+00
-6.4814175186932077e-01
2.4438824892523994e+00
1.3503539199698233e+00
-1.0390999330693231e+00
2.5894344827262885e+00
2.9195464897904593e+00
-3.4829023863667413e-01
1.7192819410041593e-01
-4.9276435048088696e-01
4.7762441447508225e-01
1.3890635020314251e-01
5.2460318861832100e-01
-2.4392792335343216e-01
-2.7542811335363548e-01
-1.1442996330321845e-02
1.6480559399600145e-01
-3.7084356152404269e-01
-5.6363497912566327e-02
-3.8015000033456559e-01
-3.5180035088212280e-01
1.2045621490930962e+00
1.3394583327962242e+00
4.6043930257127696e-01
-4.4407342909897346e-01
-3.4096618546909518e-01
1.2811562044466189e+00
2.1396707146784233e+00
1.4672011924608014e-01
6.5337789119315925e-01
-1.1108651582935753e+00
-2.9303560094301012e-01
-1.6796215294496095e+00
2.5330738866044431e+00
-9.9143516862492245e-02
7.4085650070629960e-01
-4.7506197716389253e-01
9.4538385216049226e-01
4.0804049051497931e-01
1.9500977310168871e-01
-3.1036643581959422e-01
1.5200842157229232e-04
-2.0055803661904620e-01
7.2483199836559176e-01
8.5358027544006831e-01
5.7537561821498584e-01
2.0783255352762815e+00
1.3823763998829715e+00
9.7185576462020515e-02
-4.1120248742809629e-01
-7.0956631173108009e-01
1.9155537929226518e+00
2.5451664617769076e-01
2.2750952911849595e-01
1.6221714599673884e+00
-1.3851141175513221e-02
-1.8411104718881868e+00
2.7157870493332945e+00
1.0263273766215950e+00
-1.1569989915009162e+00
1.0002801844241691e+00
1.2104709390918247e+00
1.3743229870073730e+00
1.5041614525577104e-02
-1.3093044094785726e+00
2.1374285029298429e-01
-2.6135487434502114e-01
1.0383548162896674e+00
2.1515135860979304e-01
5.6087849741663443e-01
-1.7866385335791131e+00
1.1139724221449505e+00
1.6859713991598102e+00
-6.8198048051306592e-01
2.9804297874731611e-01
1.1906604349776080e-01
-1.2356476984332725e+00
1.0857745979692948e+00
1.2697567519933670e-01
9.0097792746514738e-01
-5.1724712013730845e-01
6.8377928870809002e-01
9.1888711796979528e-01
8.2092388805769201e-01
-3.7476031947753258e-02
2.5218601827988463e-01
7.6153025625215998e-01
7.0734974009715712e-01
1.8138306184444768e+00
1.6180872799390102e+00
1.1869458620480791e+00
-1.8378146984150452e+00
1.2819127884032520e+00
1.3755570055527531e+00
2.0439599114204263e+00
1.7332511617933308e+00
1.3350783014700502e+00
6.0150341668898855e-01
1.2669510019865213e+00
2.1132389536141707e+00
1.5064179747170490e+00
-2.1503481166695912e-01
7.2094834489009718e-01
9.5505523989067831e-01
6.4878736757784716e-01
2.3347479750067222e+00
-6.2567156394863399e-01
-7.5378900193973364e-01
3.0575380604810021e-01
-6.9222222453940696e-01
2.1798781045134232e+00
6.4027926214368158e-01
4.8836448546106537e-01
7.1778422449762591e-01
8.7774035808658291e-01
1.4510146214704354e+00
1.9362889923612079e+00
4.1524667653420576e-02
-1.4770811436567794e+00
8.5474244282913581e-01
1.4251190745830020e+00
9.9398547958189654e-01
2.6101502647316843e-01
-1.0400563917836436e+00
1.0954318711618873e+00
7.9889980898913027e-02
8.0021585665420532e-04
-2.3074484192615023e+00
1.2030651433498598e+00
1.0824298981581455e+00
9.5416226234351953e-01
-3.4172995764870734e-02
-2.7397380465743171e-01
-1.0867440427666521e-01
-5.4008220868252299e-01
1.6517125039096622e-01
1.6140529674529149e+00
2.0997447322129670e+00
-5.3040585212082858e-01
1.9440758548088344e+00
1.0017329469773883e+00
-1.5568045396164329e-01
-9.6527687907875560e-03
-4.8205093863605181e-01
-1.1969401874688120e-01
9.8619995358811641e-01
2.6655789893532584e+00
1.6463106299837875e+00
3.2937037876414221e-01
8.9636796615467515e-02
-7.7636651038109628e-01
2.7599881217655242e-01
1.1086493877409775e+00
1.1668214342178558e+00
2.4940354333514247e-01
1.1369798893950840e+00
-8.5391969934642542e-02
4.9634961561267332e-01
1.9084456317936780e+00
4.9362798737864994e-01
-4.3763429787498831e-01
2.6442908814737937e-01
-2.0232049352247072e+00
1.6676673222938214e+00
8.2821244870470101e-01
3.3708959584842901e-01
1.2543587113566909e-02
8.4076693723725934e-02
4.9376161959079656e-01
1.0308452835121273e+00
9.9855067145485144e-01
1.1878144802342143e+00
7.0597101252160954e-01
-8.0992259534074784e-01
8.2340225122890875e-01
1.1304591860371596e+00
7.8988640335247884e-01
-2.6064532251006728e-01
-8.2438182481525368e-01
2.6510488908251378e-01
3.1372387730055085e-01
5.4422115093665635e-01
4.7641872528065921e-01
2.2580977828114066e+00
1.0745265437301919e+00
6.0714666902793890e-01
3.1151157781499533e-01
1.7301868984133504e+00
9.1612455579383301e-01
-3.0965753813798846e-01
1.5217834171901148e+00
6.9898908581660824e-01
4.2050361662195564e-02
2.0847908823473467e+00
8.2789032119164818e-01
-7.4523651727322937e-01
7.2645941667046673e-02
-7.9527032766173356e-01
-6.0927998083070323e-01
-5.5591340274640200e-01
-1.0319176445720104e+00
7.2677965611440865e-01
4.7234954357457798e-01
-4.8697063926958767e-01
-1.5702442746728129e+00
-2.3804126478187890e-01
-9.1093685570684468e-01
1.5390868282269496e+00
7.2180862849463578e-01
-7.6991081257734728e-01
2.1722126103725789e-01
-1.4615587031068067e-01
7.1139939643754357e-01
6.0905841202591726e-01
1.8135453528069900e+00
-5.3752161919396413e-01
4.1109887557117303e-01
1.6043295906781250e+00
6.2689445271069222e-01
1.4570734710412987e+00
-1.8441887808186932e+00
1.4902985058467868e+00
-9.1395197957065744e-01
8.6178925699457531e-01
-2.5748061152265161e-01
-4.1912442794968846e-01
1.7336529315279833e-02
-6.1556451695079939e-01
2.3755344028621299e+00
1.3724441232277622e+00
1.2518349378164895e-01
2.0455352382483327e+00
1.0438547435281962e+00
-7.5636880074800561e-01
1.6398305062658329e+00
7.1008724947077906e-01
-4.8346958771067000e-01
1.1969784895221471e+00
-5.6016867898062339e-01
6.2249205236785876e-01
4.4635845760526338e-01
7.8599100980074832e-01
3.6453126662263202e-01
-5.3898974128355792e-01
3.5822862387311660e-01
7.2177352859798483e-01
1.6686437521765602e+00
1.6333604616889221e+00
3.7085749323516415e-01
2.5421338087422007e-01
1.6766782304408462e-01
-9.2170272525130034e-02
-9.8158001036254094e-01
2.0780772787797734e+00
7.1307624982386120e-01
-5.4041524128297179e-02
9.4188447457371138e-01
4.0437255208700934e-01
8.2012897443104327e-01
-1.0325249252453854e+00
-1.4599760923335858e+00
1.1650457221106174e+00
9.2824482803362007e-01
-1.7497788246141310e+00
6.9499422534155331e-01
8.2674830728670978e-01
-5.5414687367195348e-01
2.5131912665430818e+00
2.6639966970420097e-03
4.8695089680697273e-01
4.7758792238639263e+00
1.0312546555857482e+00
6.0275099518367858e-01
1.5650344281748303e+00
7.7177438094458473e-01
9.6064668890021743e-01
1.0050348987063933e+00
1.4776681728968259e+00
-7.2100046416464414e-01
9.1498438747185551e-01
4.4429895727955032e-01
1.7313682026297421e+00
5.4781203421892000e-01
1.3048964821047477e+00
1.5266073423646707e+00
2.2454418276648349e+00
-6.0280448749365201e-01
1.5001080895736294e+00
5.5244640942698296e-03
2.0171926807928172e-02
1.6657309119832111e+00
1.3460306902601149e+00
6.7997044893054137e-02
9.7828887957942046e-01
7.8306880893777339e-02
4.7698063350304859e-01
1.0496923307101313e+00
8.0920511138664952e-01
4.8314754650791680e-01
1.4682148729772724e+00
2.0614524777082930e+00
2.5031104585476560e-01
9.1681159808168067e-01
1.7159393327160115e+00
2.2333474153872190e-01
5.2722261448119295e-03
2.8437836847680120e-01
-6.6142774169978769e-01
8.1616957723484818e-01
1.0134788337715077e+00
1.8034120744626974e+00
-4.9128762918616192e-01
1.5237956377113385e-01
-2.4647413108154240e-01
6.9455371037864544e-01
-4.1703764093341911e-01
3.6282314977327290e-01
5.1171676681311817e-01
6.8983930168812449e-02
1.0829542658013949e-01
-1.0606757220688321e+00
-3.5437640013157906e-01
-1.8443292479881160e-01
9.9731101175780512e-01
-1.5178534359322930e+00
1.8922772146165727e+00
-2.8240497860790610e+00
2.5963628374229626e+00
-6.3309002708341389e-01
5.1021872724636463e-01
-5.7160828414163700e-01
-8.6853011342246866e-01
1.0262587646949024e+00
3.6860966550087476e-01
-1.4250427758459485e+00
7.1254681885124804e-01
-5.8642008123913625e-01
-1.6248797047292109e+00
1.7288203759283554e+00
-3.7464218387751919e-01
3.7413439658417730e-01
6.8863767297509437e-01
-2.4841091737939860e-01
9.0766900742898032e-02
-1.9446596619727479e+00
-3.3050707847316840e-01
6.0703444731117739e-01
-1.0178830772033516e+00
2.0952602746616860e+00
8.3966320054812205e-01
1.2222303222331667e+00
6.6082507221193798e-01
-7.8858098347507577e-01
1.4800352772835648e+00
8.6742014842160176e-01
4.3368674798087781e-01
3.1962253144959116e+00
2.2743745916199720e+00
-2.8511651562814955e-01
4.1470632586171552e-01
7.8355113101194152e-01
2.4868840991472623e+00
1.0960228718989384e+00
1.8956195966366962e-01
2.2676402008705976e+00
1.2735150450162109e+00
9.6315084413027030e-01
1.7288421984444193e+00
1.0351872034604019e+00
1.1384876652990030e+00
-1.7383362490980528e-01
-1.4513526345003311e+00
2.5888553576209410e+00
3.7068808780468183e+00
1.1081901690324503e+00
-1.6759605416234694e-01
7.0006435703785197e-01
-1.0463490175113681e+00
-8.5500448804391549e-01
2.7425460154333229e-02
2.3055246465157900e-01
1.7868011696449870e+00
1.5257128927149637e+00
1.7285786664798124e+00
-3.2943206133803637e-01
-2.7329293278573047e-01
4.2312208544563645e-01
3.8748229424713726e-01
2.1119918791757928e+00
6.0659370639074250e-01
5.8526037788490970e-01
-5.9481971240382236e-01
-1.2114512702206459e-01
-1.7108897671906524e+00
1.7360321266279415e+00
2.7761369807550946e+00
2.8487304205805479e+00
1.3629897068556867e+00
1.2435662695441435e-01
-9.7726157635061017e-01
-9.7272625371906052e-01
4.2080975502221224e-01
5.2484347278716403e-01
3.3380523222643027e-01
3.8377381129104805e-02
6.2705406912251027e-01
1.2584929247254073e+00
-4.0315208962835342e-01
1.4721585282627991e+00
5.8667348892669124e-01
7.1253899320483260e-02
9.5740685558521765e-01
-2.4046857570723592e+00
1.5391536849301812e+00
-3.3558344494757963e-01
-6.2462574846564223e-01
1.3254359081488795e-01
-1.3592222075304152e+00
1.2129483282892471e-01
2.7130261751948157e+00
9.3218612731554462e-01
2.1229737732278551e+00
2.4267785823521217e+00
4.4941935138325673e-01
-7.0585331108831317e-01
4.6012037919018428e-01
-4.2831584863416877e-01
-6.6104306508189759e-01
5.9174715310785886e-01
-6.5222605441043136e-01
-1.8881754878012824e-01
-6.0217060406992284e-01
1.3570427431472971e+00
8.5350287071197573e-01
-1.2484103614007140e-01
9.9102489001997174e-01
1.4884129996698172e+00
9.2073098098357442e-01
4.4854220305828968e-01
1.7242465999534911e+00
3.0835041703417132e+00
2.7454538369462513e+00
1.8904747854016593e+00
6.1183033603583535e-02
-5.9181104306805710e-01
8.2925455296023920e-01
1.7442887193262548e+00
7.7426989509118871e-01
-5.6719776776444075e-01
-2.7293716212086938e-01
-7.9380862762028359e-01
4.4930318476695280e-01
3.1511014920707864e-01
3.2279279095784202e-01
-3.5724830386834500e-01
-6.9471991899776342e-01
1.5072093734560406e+00
-1.6206238775946216e+00
2.9729818810217529e-01
9.5707679162978687e-01
1.3423132648024145e+00
-1.4054215345113135e+00
1.1749406407283238e+00
-9.1253907318756966e-01
2.7739432074742707e+00
1.5263321268239498e+00
5.1497013482985710e-01
6.9365864669026234e-01
2.1156087884634358e-03
1.4467047593012603e+00
2.8006474738865292e+00
-8.7030169325253615e-01
9.8501145645897381e-01
-8.3256110675984119e-01
-1.4397313203781352e+00
1.9029554479597006e+00
1.3808682746962282e+00
4.9608206749470513e-01
-4.6732807041878383e-01
2.4987799740765668e+00
1.0449692490751323e+00
5.8890561712263856e-01
-1.1470176783893598e+00
-2.2676006685256922e-01
1.1089609427412030e+00
2.7571238526658493e-01
1.3094398710023933e-01
1.7873600632320721e-01
5.1847328591035732e-02
-7.0159911532853247e-01
-7.8226658990394393e-01
-3.2358527610373333e-01
1.7549280425667144e-01
-6.2451204774905655e-01
1.5989839308967963e-03
-3.5549757510544000e-01
1.0573597769628171e+00
8.4580033471440597e-01
5.7654605634784717e-01
-8.5324021569367026e-01
1.3188116058171281e-01
-1.6857091416407572e+00
1.7522699249130143e+00
2.5947608664714621e+00
1.8727765895004296e+00
1.3101003462607934e+00
3.4128893075128974e-01
1.8930499826967015e+00
-1.5335596884934645e-02
7.2391353786513057e-01
1.0284198561471238e+00
1.4834274253396886e+00
1.3456721054233505e+00
1.3402489663345485e-01
-3.9800863085509652e-01
8.7324667433705616e-01
1.6990906400361902e-01
-1.4216388922713508e+00
2.8003710932016196e-01
-5.8816210171926431e-01
-1.3462728222374742e-01
1.0286125114022822e+00
3.8183183228264900e-01
-6.1738885420761036e-01
-7.3946651209593961e-01
5.3593549437662247e-01
2.4887554301935797e+00
5.6742049471951550e-01
-2.4532092422172888e-01
8.0815266492419088e-02
-1.2152100786893185e+00
5.9792169046856658e-01
2.9408183232451829e-01
-5.2837924447260887e-01
7.2779704532918532e-01
-8.7461132914505701e-01
2.3177091288992719e+00
1.1595798463746529e+00
2.0960394451276656e+00
6.1809392267468133e-01
-8.4731771248056842e-01
5.7622676740346968e-01
2.2702210266863113e-01
-9.8496848062332831e-01
8.8067856631552655e-01
-4.8388471286958540e-01
-9.0397011393909577e-01
7.6499026060821707e-01
3.1330290936658683e-01
2.1437018787067691e-02
1.3668217617113361e+00
1.3487903435471713e+00
-8.0551456798752408e-01
-5.1183769751243458e-01
6.6190221730405041e-01
1.2430309330609206e+00
-1.1874880445946334e+00
2.4076008547802572e+00
3.1804807741032542e-01
5.3884483904630978e-02
1.7036604513519002e-01
3.5053676236861858e-01
4.8309132760939688e-01
4.4254001159203815e-01
1.2490106187903367e+00
1.6433678302996098e+00
-5.5463160571277004e-01
-5.4539491364042381e-01
1.4722872576583510e+00
1.5515474230309783e+00
3.9556189450790230e-01
1.2279004665826119e+00
4.0321188296965377e-01
2.0162460954182240e-01
-2.9057488291077088e-01
3.7642989181029146e-01
6.1243787382737036e-01
6.7600247446227468e-01
1.3952971757723533e+00
2.0919642291373548e+00
2.3818941729824039e+00
2.4814486019471480e+00
1.3600291046641397e+00
1.6018025407027729e+00
1.3130084895541039e+00
2.0234975272672671e+00
8.9173078969788477e-01
1.9098663548195760e-01
4.1977536654403014e-01
-7.2675902625970279e-01
-1.4443538556157833e+00
8.9074914667836558e-01
-4.4501651021775601e-01
1.0266002013716520e+00
1.1067192501703431e+00
6.6417870606202911e-01
6.3549450104010463e-01
-2.9185069740817104e-01
-1.2149157985223531e+00
1.8365488006743675e+00
-9.0973513348961554e-01
-9.6962809091952851e-01
8.2350254541646106e-01
-9.9884977414506892e-01
1.8260147248450393e+00
-2.5313724661833403e-01
-1.9864692292087628e-02
1.3087588979978402e+00
-3.6781893407562588e-01
1.3400510288707593e-01
-1.1533147095963199e+00
1.7208473124059078e+00
-5.6267469841103465e-02
3.2125642278540611e-01
-2.7344420270480657e-01
5.6159731740610241e-01
2.3602904994114371e+00
-1.0614638074136336e+00
4.5682600314878824e-01
9.0950961577801581e-01
4.8220529320564659e-01
-2.2902421919221021e-02
-1.7129458571078280e+00
8.2052377464411075e-01
2.5417849199307887e+00
4.8668599238553473e-01
3.5048511390079379e-01
6.5734980298775980e-01
-2.4180580212845615e-01
7.6032499990195526e-02
1.3021526685536080e+00
-9.3352413545939006e-01
1.8867370230009056e-01
9.0881104712829464e-01
2.7627682919016833e-01
-6.3113844044930645e-01
-5.8159606160115701e-02
-2.3905222376555231e+00
2.2833549021060682e+00
1.7942332805917052e+00
1.7695888290221042e+00
-5.6078457241355306e-01
3.0504078871158047e-01
-1.4296547173881042e+00
-1.0991161321384149e+00
1.5174865902905863e+00
7.8343011246520322e-01
-3.0374930445406217e-01
4.1621582324803619e-01
-1.1732530295725396e+00
1.0389301863178153e+00
-3.2053061070142885e-01
6.1436821997470359e-01
2.9058382747173828e-01
-1.0555403304159610e+00
1.6258395533664043e+00
-5.3726503845003805e-02
-1.3432717714526416e+00
2.0075372776844334e+00
-1.1005988930716928e+00
1.1782329255733592e+00
2.0886590336472004e+00
-1.3430926814289468e+00
1.8728724471163039e+00
1.1905564253411836e+00
-3.4155625577619686e-01
1.0965588152393382e+00
1.1688089667135225e-01
4.9673115492298692e-01
2.0867972230646030e+00
2.1628367763360390e+00
2.2238753969427307e+00
2.1986496325834302e+00
1.5799278218445909e-01
2.8623000752246919e-01
-2.7659779443233845e-01
-1.0088730733922224e+00
7.4924818138981975e-01
-1.9541271932507084e-01
1.6777334450359187e+00
1.5220457382355568e+00
2.1845764904957259e-02
-6.0448105974810129e-01
3.4917448778344845e-01
-6.1695228518604539e-01
3.1334513836645150e-01
1.5103787155135455e+00
-1.6190482915276236e-01
-1.8767012187216497e-01
3.6721621278843253e-01
8.6887448611451634e-01
7.3142884932869356e-01
4.7300906575463673e-02
-2.1905888594834466e+00
1.3323405376244659e+00
7.7710324433902156e-01
-1.6889938471659565e+00
1.9181997613685744e+00
-1.5547303904207183e-01
7.2019687686924339e-01
1.7773555829088388e+00
-1.4492791244800282e-01
3.1153392122025655e-02
2.6048926818263018e-01
-1.9987127058305734e+00
3.2568509183679772e+00
1.9435338838740459e+00
2.6862160125100307e+00
1.3905905264417588e+00
1.9720283501171381e+00
2.3465712605193003e+00
5.5018656794195875e-01
1.0039209712293993e+00
1.0582509714492216e-01
-7.9351382897459555e-01
6.4364295551964143e-02
1.3432488490714491e+00
-2.0127556209078418e-01
-6.3495874126974983e-01
1.4015971204381870e+00
1.1255653826983745e+00
5.0686495392873392e-02
2.0014775363230535e+00
1.7549464828873291e+00
2.0933154934520566e+00
4.3829750139420010e-01
-1.5661384238706194e-01
1.0569348142805119e+00
4.6244862759871352e-01
-1.2548044109549625e+00
8.1970728386488723e-01
7.4791787237720664e-01
-7.8482228391282916e-01
6.7662188677210311e-01
-1.8050582832331561e+00
5.1541062233218449e-01
-1.3668782956997600e+00
1.7515325884393129e+00
1.8566675013452838e+00
7.6249355779453676e-01
1.6681093010393795e+00
-7.3441061074759242e-02
3.1501298277274992e-01
-9.3359806280246393e-01
1.3280941608801848e+00
-9.3299616957684717e-01
-7.1991608887536462e-01
3.0129597946627529e-01
-6.6593774386581928e-01
-5.2962459786948546e-01
1.2877936053546357e+00
6.6097230375484417e-01
9.7058639458029641e-03
9.9809336317935704e-01
1.5645428253941129e+00
2.1571392475616169e+00
7.3168707359886120e-01
2.3641586612722348e-01
7.9085697979969971e-01
-9.1283061355875716e-01
1.3078183458066441e+00
2.3492461680911885e+00
1.9746493079594578e+00
1.2790830377854217e+00
1.4799303008972733e-01
1.6187499086260121e-01
-7.5610214621572736e-01
-2.3305824849281831e+00
1.4149584862093956e+00
3.2184889357862090e-01
7.1070888783020358e-01
4.8020374449934683e-01
-1.9689824921188426e-01
1.4665196515644788e-01
-1.2919494934030251e+00
2.6844422755741471e-01
-1.8784171596114183e-01
-4.4030185575635400e-01
-9.0911372818820411e-03
3.5965373302621606e-01
-1.9348028927185396e-01
-1.7050616823549232e+00
7.9266864468818354e-01
1.1292256967541332e-01
3.7553768191612330e-01
4.7515664802535877e-02
-3.2854165235922184e-01
5.7780849144688916e-02
-5.9924185750407233e-01
-8.4845773028796745e-01
1.4130411325053669e+00
-1.0827627479611901e+00
2.1202606082847821e+00
1.0071567721037542e+00
6.9908543090738506e-01
1.6909801808396221e+00
7.2178850696855823e-01
1.2878064926565441e-01
-1.4473059417893082e+00
-1.5841173968455341e-01
9.3013781831961084e-01
-4.0855338741667163e-01
-7.6807754736379341e-01
4.8846953292071138e-01
-1.2054767087260186e-01
-4.8758220531001140e-01
5.9524992442005831e-01
5.1309409328465805e-01
-1.5041053029236065e-01
-1.4655228991902296e+00
8.8644236498606932e-01
-5.7393070794597678e-01
-3.6432751707781680e-01
1.0836218067876908e+00
2.9184996087987058e-01
-1.9105191568758256e-02
-7.0602425493433507e-01
-9.0398758181220584e-01
8.3231008715625043e-01
5.7225984360310411e-01
1.3342491521541777e+00
2.9196629688181097e-01
1.2096619311969139e+00
-8.5860891747042600e-01
2.0804594505898417e+00
1.0283508799228736e+00
-4.9467648488874238e-01
-1.8925072096055890e-02
-4.4897542510773353e-01
1.3754758650217962e+00
2.2367759121113244e+00
2.4151198966181511e+00
-6.2660637452446455e-01
5.4751023476960792e-01
1.0146237594205368e-01
-2.5831343177322891e-01
3.9463387202252148e-02
1.7568708591399116e+00
1.4599256026049519e+00
6.8304083162977980e-02
7.2951412494868439e-01
2.0215659722049217e+00
-8.1321787728953299e-01
3.1205570914438829e-02
1.6778361083618842e+00
2.6909210639926289e+00
2.6301805249912719e-01
-1.8788509879540155e-01
2.0427124390763003e-02
2.1578642746505469e-01
4.5703519625240591e-01
1.7636307496674608e+00
-6.7651417070511688e-01
-4.1987660513053270e-02
-2.4262924276163278e+00
3.6186239876370290e+00
9.4034178345958219e-01
1.5227892720543417e+00
1.1380635149917588e+00
1.2328898055368938e+00
5.5428463148532314e-01
-5.8065047560135397e-01
-1.1368093479242178e+00
4.3598966285894485e-02
-3.9390598040693153e-01
6.8854372304987344e-01
-6.9583932468363330e-01
-2.6993791011366330e-01
1.1711130773266361e+00
1.6341693066311820e+00
-2.5248753735634943e-01
-2.0145084061919510e-01
3.2123049468097581e-01
7.3434076321669123e-02
-2.8981019301301824e-02
1.2090421555695048e+00
-3.0083225908050824e+00
1.3373592596206978e+00
-1.4193425512609490e+00
1.3989935412474364e+00
-7.0256902697881884e-01
1.3736902214215799e-01
5.7784780874811448e-01
1.9987265374250673e+00
9.9673564022273661e-02
-7.4584746572114102e-01
-7.5789487488360577e-02
8.2515495566917590e-02
1.7221650912202977e-01
1.4979237956708316e-01
-1.2130874733043981e+00
-1.1210349048354868e+00
1.1986943647096786e+00
6.8696265724366601e-01
2.0332284485831971e+00
-1.6075362870428000e-02
-3.0651793128742999e-01
8.4093176320339513e-01
-2.6813374998079911e+00
2.7337587870800024e+00
-5.9518582343035564e-01
5.6988062464458378e-01
-6.2020027883422646e-01
-6.7087672740914941e-02
2.8239013327501838e-01
-1.4106466958594106e+00
7.5912841387647845e-01
5.8030040165622931e-01
1.3244710123885024e+00
1.7872490191486956e+00
1.0636804806126627e+00
-4.1141879531026643e-01
9.2191271534647379e-01
2.8781514995752624e+00
1.9414779958952102e+00
1.5688362549079975e+00
2.2318463379307629e+00
1.6744463440878681e+00
-2.5353308904517591e-01
-1.6176639523500422e-01
-7.5370696314076752e-02
-4.3749668915211082e-01
2.7329647620262476e-01
-4.0161466605720281e-01
1.4242200126048514e+00
-2.9344665318092539e-01
4.5782586891957100e-01
-9.8079526120172233e-01
4.6118878639164834e-01
3.1655491217547860e-01
-6.9178209027748294e-01
9.9904557678792061e-01
-2.1280853897673702e-01
-3.6950345919309992e-02
1.0584919059260012e+00
1.1497087423184893e-02
2.2128899001048305e-01
-4.4730243629088418e-01
1.0029314266737317e+00
1.1408334781579792e+00
1.8272464041585182e-01
-5.4537952896628245e-02
-4.1811449803671413e-01
7.4308975730730129e-02
1.3723577377729741e+00
2.9900993166507667e-01
5.4173051111166015e-01
-4.7133043027685029e-01
1.0281728845505116e+00
1.9064586940843242e+00
7.6201139468899781e-01
-5.0912088401898437e-01
1.0289573519634270e+00
1.0331669448671459e+00
6.4520969141421602e-01
-8.9124325776600788e-01
3.5400618776116632e-01
4.4117596490207250e-01
1.3403907265657250e-01
1.9204367334208891e-01
5.0398950474132520e-01
-7.0934682443959929e-01
1.4173655217935943e-01
1.0722415158520238e+00
1.9254171809144141e+00
5.9662374010689367e-01
-9.2408899332341743e-01
6.5491008937786899e-01
-1.1225481849908319e+00
-2.2057934743054305e-01
-6.5600705058142639e-02
-6.5875257365521034e-01
-1.1662656787810137e+00
2.6935619133595070e+00
1.4027265008375183e+00
-4.4054536542878686e-01
-1.8087652494669340e-01
-1.1188536592205780e+00
7.4605749704924729e-01
-1.7031398592981103e-01
1.2768624626042500e+00
4.6117920114972250e-01
2.6581373453583912e-01
4.9067757557622504e-01
-6.5909841184715079e-01
1.3341470995176852e+00
7.5663455889688558e-01
-2.5137775151795805e+00
3.8157010968647631e+00
-2.5624370123577866e-01
2.1925682548618668e+00
1.2498420827974608e+00
5.1533096249368582e-01
-6.0127708533645918e-01
-6.2014160121357020e-01
6.9246432261331947e-01
1.3476730477080989e+00
6.2932399309284326e-01
1.6509886901787616e+00
4.4164944618209617e-01
1.5350731725564333e+00
2.2457491311098372e+00
2.8170825480618283e-01
-1.2017365235741730e+00
4.8674408733622491e-02
9.3512419960082882e-01
1.7356700104901359e+00
1.9857450406578081e-01
1.1588338177023025e+00
-1.0235054722865868e+00
7.0427567279882664e-01
-8.4903809067307201e-01
2.0666354194067198e+00
1.6695952797198905e+00
6.9777067011846139e-01
3.5185221792394006e-01
4.0293641876558017e-01
-5.3852560858719989e-01
3.2421423461482350e-02
7.5959613406920412e-01
9.1903030467807556e-01
4.2397717078511754e-01
-1.6995887025145577e+00
4.8687409045474295e-01
5.5824306528136691e-01
-8.2530603682142134e-01
4.8376488499333353e-01
1.5512671648326795e+00
2.7011389223007048e-01
-7.2797685028216130e-01
-7.0533295918236882e-01
2.0348130013129464e+00
1.5585329636346299e+00
2.7721489985793313e-01
1.0311658379004618e+00
1.4689763887530716e+00
-1.1342442632456997e+00
1.0528692680726794e+00
-1.3901060156576936e+00
-7.1696674942186100e-01
1.3563432252986447e+00
-1.0031041997937480e+00
2.2840143904588963e+00
5.5383262906428243e-01
-6.6052813461273696e-01
-4.1895825585321567e-01
3.8281761655021068e-01
-1.8117080525166535e-01
6.7387007563377033e-01
-8.3084391923693113e-01
1.2643646531303745e+00
-4.4217185593689368e-01
-1.6586831071289985e+00
1.2366222686841530e+00
1.3214323828299455e+00
-1.8923368109638172e-01
3.1127037302002708e-01
6.2806158394507663e-02
1.8286487543843368e+00
6.2358110242762699e-01
-4.9045680348242338e-01
6.3152171250599010e-01
8.9913061873473432e-01
1.1476397037352875e+00
-2.0523353510164602e-01
3.2192448186111937e+00
2.4368314938155735e+00
8.0289461506112814e-01
-3.1554663596529434e-02
6.1821454167858891e-01
5.4053069408896726e-01
6.6960531959932712e-01
1.1048566752573146e+00
2.1305261180672175e+00
1.1384780281200801e+00
-6.3896361393581802e-01
3.6930368057763630e-01
2.6491539606080705e+00
1.4298449186551123e+00
-1.3601150076766580e-01
4.8162913680242470e-01
2.7577051558405319e-01
-4.2370710354438940e-01
9.5841471240401188e-01
1.2424186560787507e+00
6.1113012312064607e-01
7.6929104342370314e-01
1.3251470656838371e+00
5.2912669959801006e-01
-2.5350032881788298e-01
9.6091001497694117e-01
1.8448399388044301e-01
6.8955525895103664e-01
-7.8621137458100253e-03
-5.5626988045417414e-01
3.5599328905706273e-01
-1.5291609837992945e+00
2.6958561203037332e+00
1.0672899460175422e+00
8.4890404620937687e-01
2.0947698100060297e+00
1.0009085022534072e+00
4.4320541093323507e-01
5.8485705465046511e-01
-1.7755959592668827e-01
-8.4944241064888112e-02
-1.4833037511187100e-01
-7.4275673242763618e-01
7.0264651685564483e-01
1.1035274230172372e+00
-6.5800840141358674e-01
1.1493391681781868e+00
1.7636288927444745e+00
-1.4643585618442664e-01
7.4062487060344107e-01
1.7292081809774451e+00
7.3610025692018766e-01
2.7868139652511976e+00
-1.7674364819261010e-01
-1.6389751438692159e+00
1.1523493663504456e+00
1.3961119807719768e+00
1.2106634353083368e+00
1.1087802351886325e-01
1.7142269246753037e+00
1.8529284372787433e+00
-1.9641578779138660e-01
1.2254368052267546e+00
1.8199716251188625e+00
-2.2771518014766579e-01
1.3832457725134292e-01
-7.4728381930357601e-01
8.9554716175914995e-01
1.4675154165504722e+00
-4.3466490023558224e-01
-5.0614956866692484e-01
-6.7344064510232038e-01
1.1556613622832128e+00
1.7734480753181248e+00
1.9357125552476304e+00
-1.3102856568801607e-01
-3.5576392881643537e-01
1.3722472083284916e+00
-1.3123484122990383e+00
-1.3780770308218151e+00
1.9136538482452148e+00
9.3825998395324117e-01
9.9923832305463822e-01
1.9597800275756543e+00
1.0240550553910979e+00
6.3775762607509467e-01
-3.5459305885823167e-01
2.6807097558147372e+00
-4.0151540433926675e-01
-8.3048806841749911e-01
1.8216123627936942e-01
7.6514996661748136e-01
2.3461069801238008e-02
-3.7457668684450668e-01
7.8554434691084918e-02
-5.0581368056610621e-01
3.9820588240958238e-01
-1.2646619729411788e+00
-1.1059534956498154e+00
2.1875267808203822e+00
1.2276624222271071e-01
-6.4223217514158426e-01
-3.0247889938271232e-02
-1.7820157753057980e-01
-5.8568710122551559e-01
5.6449384541241221e-01
3.7321227563573650e-01
2.0795855618293220e+00
-1.0432134777464557e+00
-2.6810950926643351e-01
6.7614920957986757e-01
5.5035398256267776e-01
-4.0093275981070198e-01
7.6329445325466805e-01
1.4417301517152423e+00
-2.4149367594507179e-01
-3.1754088013691528e-01
6.3370633147746991e-01
-9.6975578398015472e-01
7.4924955624187706e-01
-1.0096123561517107e+00
1.7150238055097993e+00
8.6759778763306108e-02
-2.6330360000296843e-01
-7.4971818302147341e-03
-4.3533293666473200e-01
4.6662212593867081e-01
-2.8400656660272378e-01
-1.8143564113123247e+00
9.4023732601737753e-01
-8.9021862080294989e-01
-9.5320037646536598e-02
9.2549724990488358e-01
5.3149156361306493e-01
6.8800627877156262e-01
-8.9026932266988879e-01
1.0457825279597570e+00
-5.6105892606182661e-01
1.3134051185760269e+00
1.3607767064488960e+00
-8.4147257030897496e-02
1.5190560854195552e+00
-3.7752060959609157e-01
-5.8064306360489026e-01
4.7228323617197884e-03
-2.0874273664731868e-01
6.3085002893395437e-01
3.8518965432144403e-01
2.1766247173446246e-01
1.2729987883643719e+00
2.2561834528634410e+00
1.6606576802955466e+00
-1.7423091413895569e-01
4.8133081547878648e-01
1.4875583037881492e+00
4.4244970407192269e-01
1.0585080711333081e-01
3.7205997180156802e-01
-4.4548750766561435e-01
3.1501330550929352e-01
5.5047882830268435e-01
1.0716318968393926e-01
-8.9818959091622419e-01
6.1768047162945691e-02
-4.5443032780577586e-01
1.5272538461756271e+00
5.1419961417415716e-01
-6.6110898754110614e-01
7.7519183343201126e-01
-1.4338269313861876e+00
6.6652278559165157e-01
1.8820353072864107e-01
-8.7531402119008594e-01
2.0132103083251294e+00
-1.3066176467565760e+00
-5.1144063095282433e-01
1.1312369115859093e-01
9.1829220621846597e-01
-2.8136396626662885e-01
-1.6714602047073239e+00
1.2523016825324709e+00
1.6171442638114944e-01
5.4893866669034452e-01
2.0266270392571006e+00
-2.6461524454920970e-01
3.0725244326841222e-01
-1.5391067548254118e+00
1.6478298286956852e+00
1.3810515106073171e+00
8.4990568459360283e-01
-5.8157231402873433e-01
6.4643092026569915e-01
1.3257940210640053e+00
-1.3407605310432844e+00
-9.3073135179652253e-02
1.3960938194448553e+00
7.8605067068658507e-01
5.2795011368579559e-01
2.6080803837640829e+00
9.0165437622844669e-01
-4.3187356611441097e-01
6.0202341284638264e-02
-2.8449585030944796e-01
8.0524504078732573e-01
-1.8516308017231780e+00
1.9090621227067637e+00
1.2527031475620842e+00
1.6079704149733742e+00
-1.9496377852727817e-01
-4.1943061749666805e-01
1.1117164481790631e+00
1.0357516200992203e+00
-6.6217135283195461e-01
-7.5405709091091022e-01
1.4339822952402603e+00
6.2715304869474353e-01
-2.5167100818910676e-01
-3.2892669666490731e-01
8.5343399014565524e-01
2.6146903356421904e+00
1.2741813655086167e+00
1.0754522627869214e+00
4.8050890986036088e-01
6.0805522271657664e-01
1.8141254952798225e+00
-3.9602417291054208e-03
-8.8839807130884252e-01
1.2983850841937563e+00
-1.5466813495709683e-01
-5.8106670818202744e-01
2.1226822867973945e+00
-6.6134071355455226e-01
1.0759204866364422e+00
-8.4652229551736813e-01
-1.1106013769046070e+00
-5.4527596380593679e-01
-1.1710833547688306e+00
3.7639732359413935e-01
-9.8466323889792262e-01
8.5397690117601988e-01
9.8134707352412109e-01
1.2611542744452708e-02
6.5441947749773813e-02
1.4546196965552685e+00
-1.3610382323615505e-01
-8.6789940524848272e-02
-3.0342037946710082e-01
1.1072179259230790e+00
-3.2988887364405672e-01
-6.9573708907356246e-01
-1.4203728759855203e-01
-8.1966163224959776e-01
3.1427366846646809e-01
8.2166674467153422e-02
-8.3013385595982714e-01
9.0754054990138500e-01
9.6347405054219648e-01
1.8489528874139596e-01
1.1629663252877847e+00
1.2091521996299286e+00
1.4706110968439092e+00
3.0847645928517647e-01
1.8228198670959168e+00
2.1087813629289753e+00
-4.5665881369334210e-01
2.9745127373933027e+00
1.8305221315487672e+00
-2.3410687864092461e-01
-2.3020388029157055e-01
7.4312716137574752e-01
-7.4374919747172519e-01
-9.1413119822748201e-01
1.9690578286923170e+00
7.5889975663313636e-01
-5.6131080349268936e-01
7.5680526598706477e-01
8.9161326545721134e-02
-1.5950536240031381e+00
3.5209785377489078e-01
-8.4326516534344442e-01
-1.2472494139701640e+00
2.1259778227672207e-01
2.1761714372828762e-02
-3.4766190826826959e-01
4.7112421990387926e-01
7.5778989046379197e-02
5.3192312897489868e-01
1.2239539747910436e-01
-9.8915252879920168e-01
1.5715754243261089e+00
2.8060396163963284e+00
6.0637619641245085e-03
1.2793055935438706e+00
1.5479353514059097e-01
1.0892094048255867e+00
-1.2266725202283788e+00
1.1451342226770185e+00
-1.1137206898644809e-01
7.1987131966469431e-01
-9.4244666316362558e-01
3.4188838014770001e-01
7.5287049315492882e-01
5.0864281058604999e-01
-3.6608272903512018e-01
8.3728943492170027e-01
7.5581905002316196e-01
-3.4757725813641671e-01
5.6865827306097050e-01
-1.3186639099428725e+00
8.2279702036490610e-01
5.2486462187657545e-01
2.7701362372184291e-01
2.3164807066040569e+00
-1.0169347904038719e+00
3.0441756052283975e-01
8.1010652795413007e-01
1.2747452313555360e-01
7.6941764241776334e-01
-1.5478730652783272e+00
1.6610993473456943e+00
7.9211479800025197e-01
8.8042763674686175e-01
1.2965245917846273e+00
8.9898473412345370e-01
-8.1423076529218463e-01
7.5111803622085915e-01
-1.8545326769832360e-01
1.6577564145850104e-01
9.1854260220409978e-01
6.2921054621545813e-01
6.5163275637661322e-01
6.7936716572326014e-02
-8.7169802998930068e-02
1.0220938005315482e-01
-3.9366906611922059e-01
8.2991478277341513e-01
-9.0684056511582933e-01
-1.5676737216369335e-01
2.3842391140904011e+00
4.6713132933750567e-01
2.5114574877341846e+00
3.0444675425134987e-01
-1.5299892765971228e+00
1.2242825488886866e+00
1.1338144935836374e+00
-3.8842361176945306e-01
1.3547045570956329e+00
1.9232503935919862e+00
2.7988794727881623e+00
2.9789622275663152e+00
2.0678080907932310e+00
1.0059356313274059e+00
9.6400024635281148e-02
8.8462980577247011e-02
5.8304760959010571e-01
1.2855731616717077e+00
1.1886612018667297e+00
6.2321517055087072e-01
9.8618150653421410e-01
9.3353400798689812e-01
-1.2551689017290693e+00
-3.6686952150928993e-02
5.8486770303748681e-01
1.7261521944955531e+00
7.6339036206465161e-01
-3.3287741779952890e-01
1.2627176349812916e+00
8.1920080300131592e-01
1.6811980800790467e+00
1.0287570712868144e+00
-6.7055940741084019e-01
6.9246780237052541e-01
-5.1604902723733713e-02
4.6286293802863498e-01
-1.6693420323576424e+00
2.5091185351602885e+00
4.5585532597619355e-02
3.5284920084919441e-01
1.4234729439848164e+00
1.2010979840252576e+00
1.0608976446978080e+00
2.0445849229611617e+00
2.2703544772780888e+00
1.7904868134470622e+00
-5.5577728361273460e-01
2.5217641589496376e+00
2.0272843217570422e+00
2.1455596665704950e-02
-1.3264841054468619e+00
2.1034637290512914e+00
9.2544639705264331e-01
2.2082208934030136e+00
2.1573064618377504e+00
1.6260148602518014e+00
-3.8000733939940753e-04
-5.4466678473685892e-01
-7.9680820094772509e-01
5.9171932526279536e-01
2.4563920671675827e+00
1.1911912021279176e+00
1.4052736143981537e+00
-9.4212339821646174e-01
7.6629068589989968e-01
-1.8162080442574419e-01
6.1262040749042235e-01
-5.1645411731103052e-01
1.6893474691674160e+00
-1.2892085499523442e+00
-9.2843501913781012e-01
1.3294749471321214e+00
1.6528656999145031e+00
2.5950528938710654e-01
-2.2532622141194967e+00
2.9987181098131357e+00
1.6800394293596030e+00
1.3703494487574208e+00
6.9165132835029186e-01
1.5602909606456659e+00
8.6052881952111082e-01
1.8854598329782160e-01
9.5644753632711799e-02
-8.9291020596460680e-01
1.8647185024996102e+00
-2.5815271634693532e-01
1.7481454861337862e+00
1.1261089335382213e+00
1.9273812713262704e+00
2.2662524702772557e-01
-7.3196864010271501e-01
1.0974552407679714e+00
1.4838734763411834e+00
2.0346494982452334e+00
-3.2253321917499211e-01
-9.5034754936548491e-02
-6.1742420397734823e-02
-1.8195556265739747e+00
2.0710264470953548e+00
1.1849767368825355e-01
1.6860087615290282e+00
4.8984975743915848e-01
-8.5514253209244051e-02
9.1735146822164915e-01
1.3053751286500914e+00
8.4987185814815414e-01
-5.8986510970161310e-01
4.9569570383457306e-01
-5.5676061304838986e-01
9.1419155465934365e-01
7.7625745196250151e-01
2.0418016483266779e-01
-8.2898816676936597e-03
-1.9192802413766130e-01
2.6716335879716535e-01
-5.4132382613789509e-01
4.6501931608873015e-01
1.0600185425849085e+00
3.9451645418330217e+00
-5.2839414264876827e-01
6.1819830179628631e-02
7.2006467314328459e-01
2.6805002350089291e+00
7.3153611600077162e-01
-1.2835302388336492e-01
-4.9406260730513152e-01
-9.7834601512925135e-01
5.8635466166486694e-01
9.5427944562208833e-01
1.7490327852683385e+00
8.9559231762855196e-01
-1.0180073728558330e+00
2.2501805567878104e+00
2.7362756807175450e+00
7.3195846798870456e-01
-3.1894220558335892e-02
7.1606723193164801e-01
3.2812799380455476e-01
-1.4398431438109738e+00
2.8056806931629317e+00
9.8526836394631478e-01
1.0847846086872261e+00
1.8820410533108469e+00
1.3815724066646595e+00
-5.3672638452569466e-01
1.2827599527759781e+00
4.9571893706473702e-01
6.7892441476954934e-01
-5.2005177633741695e-01
-6.2055891021106140e-02
-4.8560801597262510e-01
-1.1207403329903654e+00
1.9431507205259713e-01
-1.1058168513510408e-02
-3.0377455465395425e-01
1.8559019139848800e+00
3.7298696231326700e-01
2.2380598929959791e-01
-8.1208423151534903e-01
1.7270798294279541e+00
1.0367794360788971e+00
6.6023332578722838e-01
-1.3966577132483431e+00
-1.0886819427840964e+00
7.2347358258039196e-01
-9.2103454687369313e-01
-4.0752196664614571e-01
7.3362064160917251e-01
-1.8756128294879243e-01
1.1092694423648513e+00
1.9103805518927690e+00
3.1934212666114825e-01
6.3043920979853785e-01
2.6116966975661066e-01
2.6419971946826382e-02
-4.8593185634085334e-01
9.1003245544398448e-01
5.8206921180443671e-01
-1.9224878536510670e-01
-1.3753540575421985e-01
1.6671235753543987e+00
4.9966184191237517e-01
-1.3722023184919856e+00
-5.4622273385287456e-01
-1.2987290642955316e+00
8.2059018469798650e-01
1.7621273889137030e+00
1.0446394457452366e+00
-4.5120174516794764e-01
1.0006855908682277e+00
9.5086022690170635e-01
5.4386047715414965e-01
9.7881165025460948e-01
8.2987739111977354e-01
6.9599407749005904e-01
-5.6569354233289704e-01
2.0763815017090392e+00
2.4971710515427432e+00
8.7321165502338871e-01
1.4604928675192871e-01
1.6183818389735627e+00
8.9316004560949092e-01
6.9763440222536210e-01
6.1803647444996723e-01
-3.9200283219824700e-01
1.2614833869703017e+00
8.3515473082196409e-02
-2.2518137361814200e-01
3.6668501658253555e-01
-1.0572549297743674e+00
2.0347863405826869e+00
6.7758042435165788e-01
-1.0374824005840240e+00
4.5420651688145913e-01
-2.9790058259936598e-02
-1.1922151878725968e+00
3.7210848255086532e-01
-7.4892496879691961e-01
3.2649144564802418e-01
6.8368791224905678e-01
1.2342027656582066e+00
5.2543407983558899e-01
-9.0228778617193939e-01
2.0305775586383185e-01
1.2872486825219508e-02
8.4883800212518778e-01
-7.7580428203038088e-01
1.4114948379566312e+00
1.7060154978310129e+00
1.2739896223316078e+00
1.6103112951842442e+00
8.6658171232618431e-01
1.1468534854825783e+00
1.0357330143935286e+00
-1.6217461470859318e+00
1.4592015538503349e+00
-1.8952066046807828e-02
-3.0827805792541568e-01
-1.9359452691596582e-01
-1.6015403594020434e+00
1.1768949240653839e+00
2.7068473926561448e-01
-1.1404214141250302e+00
1.1910359718397426e-01
-7.8936848632090928e-01
8.4204126627671338e-01
8.1080279644247999e-01
-1.7400960586316705e-01
-7.0620954962055205e-01
-1.0770430012909438e+00
3.0381172389529831e-01
5.0494299189939162e-01
5.8332682251787826e-01
1.2412960194038769e+00
1.6096366770112112e+00
6.8654467691995458e-01
1.3861382638038824e+00
-4.8703373589759469e-01
9.2779672766822829e-01
1.7360318817643838e+00
1.5262345191443825e+00
2.2872405514750773e+00
2.5809292191889104e+00
1.0311756336594484e+00
3.2824069605626299e-01
1.1669127478648798e+00
-8.2573898252813394e-01
7.1828185986300885e-01
1.2313745469891761e-01
-8.7870835976941553e-01
4.4896433513115364e-01
2.1713190576241956e-01
-2.2549970426375010e-01
-2.5574043749676523e-01
5.4454787114240222e-01
1.4596105038622882e+00
1.4964642607266367e+00
-1.0755676650479107e+00
8.7031906433963180e-01
1.3248955916674281e+00
8.9974682592714195e-01
-1.1157967441180188e+00
3.0339396124707629e-01
3.3093956463269725e-01
-2.8980215591376529e-01
-1.4645957452204783e+00
2.8934664420476750e+00
1.8201871769844235e-02
1.5424280299528770e+00
-8.2183518559030466e-01
4.8835285633914149e-01
1.6984036654112180e+00
-1.3745203981683056e+00
9.6857692677675544e-01
1.8751989416822732e+00
1.0658046366327667e+00
3.0413056912311692e-01
6.2181276915334494e-01
-9.1732054324471998e-02
6.9849650913464378e-01
-2.8326771915527604e-01
9.2493285860616103e-01
2.3742569886789910e+00
1.5080269587564115e+00
3.7123862726342693e-01
1.6413409115351569e+00
2.1682726313576453e+00
8.1125559224557675e-01
-2.8931879271179756e-01
1.3852094722107307e+00
-1.9157600626398333e-01
3.2706335198607500e-01
2.3643246621490183e-01
2.0913810345985476e-01
2.5039591853486307e+00
1.8316125485659007e-01
-1.5198637450702919e+00
-7.7339659127482661e-04
1.7522219820939453e+00
3.5572738636389067e-01
-2.3256053479587913e-02
-6.8091657824484830e-01
2.0147359024464508e+00
-1.8209302137036107e-01
-1.2422135734091049e+00
-9.2418502926717505e-01
-1.7900315076983292e-01
1.2987508167903941e+00
-1.8002490464295284e-01
1.7944892088667739e+00
2.5496457408508890e+00
1.4226898448268144e+00
-7.9337751679268587e-01
8.3876900433575308e-01
6.6785054870403959e-01
-8.6876352011678259e-02
-5.3798717372887350e-01
1.7802947314219386e+00
1.4888551837190478e+00
1.0961998085036864e+00
-7.1941689885009463e-01
-1.2015472947531265e-01
1.0880412386734928e+00
-1.1497672336940561e+00
1.2223904238078827e+00
-3.5366682427079155e-01
2.4017017497932192e-01
1.1730868670303424e-01
1.1605380298744536e+00
-5.1401829011279976e-01
-4.5191440283787304e-01
1.2444301433568390e+00
1.1294372830346850e+00
4.1345048918419530e-01
-5.3312587599564998e-01
1.5964898160756275e-01
-1.5494252552573579e-01
1.5389452366822798e+00
7.7929340174581557e-02
-1.1915906117836652e+00
1.3180303516190894e+00
8.0690394887286487e-01
5.7583677008238743e-01
-5.1309959132244720e-01
-3.7655848651910673e-01
-1.0241572985977756e+00
1.2391892478123279e+00
9.0848842964838861e-01
1.8277413633795765e+00
2.1096742124988159e+00
-5.6377063575582387e-01
9.1769986529251890e-01
2.1375845986061632e+00
3.8051087927578320e-01
-2.6719708834420879e+00
3.3795967180835915e+00
2.8184580951300515e+00
8.5350155365015179e-01
-9.6961987626468693e-01
8.3092101498345294e-01
1.5068243733420299e+00
1.4634593486272509e+00
1.3287585983426249e+00
-9.6646061791558679e-01
-5.2192972659332482e-01
1.5188476320874784e+00
-5.1070942511665307e-01
1.0462342477572377e+00
1.3027828222018343e+00
-6.7582051249830377e-01
2.0218374911566985e+00
9.7523032281712541e-01
6.1483612667479492e-01
-5.4544152385290878e-01
1.7835301197398148e+00
-9.4499440822809289e-01
7.6455446597199528e-01
8.5829532917272100e-01
-1.3864813236451007e-01
1.9398603032245512e-01
6.2662089811382937e-01
1.0131278247024946e+00
-1.4354982136447496e+00
2.4296253432738411e+00
5.2611056886622841e-02
5.5041836607231842e-01
-4.3691537121431046e-01
4.8607885298672582e-01
-1.7801595056107598e+00
3.8024063760217980e-01
8.1950658991236858e-01
-1.2592113023724556e+00
