-1.0414113416021138e+00	
4.1939478271548808e-01	
1.2129935248110808e+00	
2.0202421063452776e+00	
3.3130415659983639e+00	
5.6053695073171292e+00	
9.4025873682926999e+00	
1.3961907760396736e+01	
1.4996822195967340e+01	
1.0152647465360934e+01	
4.5526239606777619e+00	
1.2975097084899840e+00	
-1.7758946005772258e-01	
-9.2127293951839617e-01	
-1.5975185547166086e+00	
-2.6434515685528530e+00	
-4.5223365480058142e+00	
-7.8235161317822515e+00	
-1.2583101069165028e+01	
-1.5672866492251124e+01	
-1.2363680634685144e+01	
-6.0924101656134386e+00	
-1.8334212676512822e+00	
2.0564153965077328e-01	
1.2175668074804737e+00	
2.0724653945567422e+00	
3.3279838159809132e+00	
5.4967234807765966e+00	
9.0619367143310754e+00	
1.3431076779318280e+01	
1.4848829462826277e+01	
1.0645070838318462e+01	
5.2080796078021416e+00	
1.8767469557080949e+00	
3.8389994976468245e-01	
-2.4820157792967984e-01	
-6.3128110427224327e-01	
-1.1008736748991288e+00	
-1.9214088143917785e+00	
-3.4830938356314070e+00	
-6.4230853572430506e+00	
-1.1328656559233952e+01	
-1.6188904935909694e+01	
-1.4489362434684695e+01	
-7.3026777759661012e+00	
-1.7346581723524330e+00	
1.0498434841006201e+00	
2.5110753511794410e+00	
3.8292291878690943e+00	
5.7110416800056321e+00	
8.5512831399661362e+00	
1.1924586948402506e+01	
1.3510955667856107e+01	
1.1155519903316819e+01	
7.0043252499388249e+00	
3.9903026751165602e+00	
2.6330391242177007e+00	
2.4378451211420900e+00	
3.0660161090288036e+00	
4.5482437938243621e+00	
7.1754400865699450e+00	
1.0993259485536115e+01	
1.4179848989533761e+01	
1.3009944173117155e+01	
8.1935806105640019e+00	
4.0188170317304417e+00	
1.8519878554067843e+00	
1.0579152539081218e+00	
9.7010509045978155e-01	
1.3116746031555586e+00	
2.1187084421696087e+00	
3.6961634102895529e+00	
6.6197454230272985e+00	
1.1347530321582076e+01	
1.5831987049018123e+01	
1.4146147903377972e+01	
7.4235760773960475e+00	
2.1568021253267595e+00	
-4.9227077078853887e-01	
-1.8283352718118393e+00	
-2.9428865393237471e+00	
-4.5316995911182270e+00	
-7.1080840651857091e+00	
-1.0781029655268975e+01	
-1.3903018992604036e+01	
-1.2984479532152683e+01	
-8.4586357585200069e+00	
-4.3667093089607354e+00	
-2.1984321898957755e+00	
-1.4329504282692784e+00	
-1.4480491960673616e+00	
-2.0091952819602130e+00	
-3.2314315397727977e+00	
-5.5202689487632837e+00	
-9.3860619447500984e+00	
-1.4109222939466825e+01	
-1.5208029349281130e+01	
-1.0147421272551625e+01	
-4.3602964010312046e+00	
-1.0255953279071282e+00	
5.0864357177838571e-01	
1.3552848447246535e+00	
2.2294126206465088e+00	
3.6245540441267323e+00	
6.0766997384657673e+00	
1.0002497362554410e+01	
1.4282923900298446e+01	
1.4481429007285707e+01	
9.3696144626422413e+00	
4.1553450947668900e+00	
1.2560977803725026e+00	
-2.1712128988461823e-02	
-6.3405134469687607e-01	
-1.1627740639198696e+00	
-1.9618889840582567e+00	
-3.4136815869974453e+00	
-6.1025359027007253e+00	
-1.0573411940421968e+01	
-1.5390492268026090e+01	
-1.4833559142276879e+01	
-8.4222546777045277e+00	
-2.7787611151806546e+00	
1.6175440041637051e-01	
1.5957233635176331e+00	
2.6693727117954245e+00	
4.1176265012757733e+00	
6.4791748111016414e+00	
1.0018202249000892e+01	
1.3566738034054586e+01	
1.3627767843257665e+01	
9.4139098345417391e+00	
4.9528643171869868e+00	
2.3974712365385251e+00	
1.3955121710265863e+00	
1.2556450501499496e+00	
1.6469451085648206e+00	
2.5975872378946883e+00	
4.4298543374501724e+00	
7.7013149175546038e+00	
1.2498195619578773e+01	
1.5759638631829064e+01	
1.2541949325595590e+01	
6.1650526011517695e+00	
1.7949034588541923e+00	
-3.0446465474776635e-01	
-1.3637273800916219e+00	
-2.2784370114170267e+00	
-3.6309865913560353e+00	
-5.9445931155806280e+00	
-9.6316182017616967e+00	
-1.3770588434569822e+01	
-1.4421655146487289e+01	
-9.8947415215886263e+00	
-4.7919844934890294e+00	
-1.8171476058327725e+00	
-5.3351218721308602e-01	
-4.7445831692972611e-02	
1.6771054560557075e-01	
3.4735848941640840e-01	
6.2593435016234844e-01	
1.1564003025222458e+00	
2.2113820962291624e+00	
4.3221619113266661e+00	
8.3654159465222868e+00	
1.4468062648547502e+01	
1.7392308974009246e+01	
1.1209681377595306e+01	
3.4063208409136676e+00	
-1.0086873701622681e+00	
-3.1585728729613671e+00	
-4.6726476977067239e+00	
-6.4779769443501056e+00	
-8.8885830189832333e+00	
-1.1370618133841653e+01	
-1.2239706458143646e+01	
-1.0401434521133144e+01	
-7.3861701524699610e+00	
-5.1312911511072929e+00	
-4.1844241404526619e+00	
-4.3547094109809876e+00	
-5.4918198689091042e+00	
-7.5824820131470716e+00	
-1.0379566986832423e+01	
-1.2529906726731943e+01	
-1.1919589075545931e+01	
-8.8135220154951011e+00	
-5.7332460730332091e+00	
-4.0098407858887786e+00	
-3.5877662951847387e+00	
-4.1714739745508380e+00	
-5.7078883065677566e+00	
-8.2723279521685242e+00	
-1.1442538652761295e+01	
-1.3223446563976179e+01	
-1.1426535399109488e+01	
-7.5808635225281078e+00	
-4.5475057407758950e+00	
-3.1067291263375467e+00	
-2.8850877622281823e+00	
-3.5637522463166449e+00	
-5.1573732134403061e+00	
-7.8858774010215047e+00	
-1.1524157316789958e+01	
-1.3915045940403672e+01	
-1.2061224797597463e+01	
-7.5461285682126285e+00	
-3.9822066431772205e+00	
-2.2415382161722368e+00	
-1.7505274096961838e+00	
-2.0237934609094586e+00	
-2.9521900101301704e+00	
-4.7771666214996626e+00	
-7.9528311902057851e+00	
-1.2370419428695447e+01	
-1.5126940237243295e+01	
-1.2164276871464310e+01	
-6.4469599716546995e+00	
-2.4523634989628449e+00	
-5.5335331874846883e-01	
2.5912641222460292e-01	
7.2797273985792477e-01	
1.2611293773708365e+00	
2.1657013174203352e+00	
3.8651567640470437e+00	
6.9940696214556626e+00	
1.1963624976975158e+01	
1.6191589322991909e+01	
1.3604657373060592e+01	
6.6246119854039929e+00	
1.5838412397516795e+00	
-8.9434486692056947e-01	
-2.2076436044802654e+00	
-3.4318680983411358e+00	
-5.2319654700983458e+00	
-8.0664665340904893e+00	
-1.1714552775266569e+01	
-1.3920556571070243e+01	
-1.1824102636548812e+01	
-7.3034450049468491e+00	
-3.8522249463315719e+00	
-2.2041382742296443e+00	
-1.7747872249353218e+00	
-2.0898055971745562e+00	
-3.0779084021992795e+00	
-4.9938665819161141e+00	
-8.2868390972123116e+00	
-1.2714820185845381e+01	
-1.5088112804920906e+01	
-1.1707364375189298e+01	
-6.0496344851901531e+00	
-2.2644301244336318e+00	
-4.9868728735294188e-01	
2.5280789590811026e-01	
6.8909935098474284e-01	
1.2005016308610239e+00	
2.0725351159898460e+00	
3.7184712358625824e+00	
6.7772059388916572e+00	
1.1721039014987147e+01	
1.6196786505143216e+01	
1.3941934021677428e+01	
6.8809908635873471e+00	
1.6500372509700063e+00	
-9.4129520237651942e-01	
-2.3098822193236490e+00	
-3.5660351074400900e+00	
-5.3963598500336918e+00	
-8.2363770796758935e+00	
-1.1797262805112503e+01	
-1.3786407536038373e+01	
-1.1589331204757482e+01	
-7.1968648767264423e+00	
-3.8988568467777704e+00	
-2.3534628094325369e+00	
-2.0027114498643370e+00	
-2.4278521353661047e+00	
-3.5904433903299466e+00	
-5.7820931738192307e+00	
-9.3570513032578830e+00	
-1.3534905096130629e+01	
-1.4538882016787426e+01	
-1.0262216222695866e+01	
-5.0858241890141898e+00	
-1.9832430952364672e+00	
-6.2722926493399311e-01	
-1.1981233598965879e-01	
7.6624623182985463e-02	
2.0671995389474193e-01	
3.8239307654197224e-01	
7.0755136663493101e-01	
1.3511236970526954e+00	
2.6597388617564328e+00	
5.2985496929208296e+00	
1.0209618203300824e+01	
1.6451653825513024e+01	
1.6423265371017592e+01	
8.2761006872129563e+00	
1.3103266171731867e+00	
-2.2137855846571650e+00	
-4.0448449064705887e+00	
-5.6193425385395903e+00	
-7.6019134914357789e+00	
-9.9893662642275132e+00	
-1.1774953317437857e+01	
-1.1426161231649049e+01	
-9.0385584616926291e+00	
-6.4575811764635542e+00	
-4.9229729323142619e+00	
-4.5717678442665717e+00	
-5.2328010528398954e+00	
-6.8233866787040034e+00	
-9.2083742341176134e+00	
-1.1589413332104490e+01	
-1.2177087616743478e+01	
-1.0100724487956290e+01	
-7.0871480241817055e+00	
-4.9640910188810965e+00	
-4.1458570917492086e+00	
-4.4235990569068582e+00	
-5.6574772960699056e+00	
-7.8473230946426593e+00	
-1.0672146329945750e+01	
-1.2628845600420096e+01	
-1.1681586055450955e+01	
-8.4537518879721549e+00	
-5.4796168506492089e+00	
-3.9016667820226907e+00	
-3.5949624669720914e+00	
-4.2714968701183906e+00	
-5.9104683631697537e+00	
-8.5725662963347666e+00	
-1.1733817799890721e+01	
-1.3222700267338311e+01	
-1.1084201120508022e+01	
-7.2085923748420866e+00	
-4.3261826445258258e+00	
-3.0244287025541357e+00	
-2.8984946551784403e+00	
-3.6582538934325015e+00	
-5.3466661268733056e+00	
-8.1876829997250820e+00	
-1.1847436695759491e+01	
-1.3958303586909773e+01	
-1.1706526723182108e+01	
-7.1475433207145809e+00	
-3.7406494057875408e+00	
-2.1355013754320797e+00	
-1.7240192369834659e+00	
-2.0438562760371850e+00	
-3.0243669262561306e+00	
-4.9253971360481419e+00	
-8.2093502415904460e+00	
-1.2667328811616388e+01	
-1.5150673434757790e+01	
-1.1816458038053955e+01	
-6.0945720014273412e+00	
-2.2431135867618535e+00	
-4.3565691686314811e-01	
3.4450328358642968e-01	
8.3089051645393019e-01	
1.4162221242421054e+00	
2.4378655647988916e+00	
4.3451175868372029e+00	
7.8031890582282966e+00	
1.2937181616793305e+01	
1.6255536989142474e+01	
1.2374460936722492e+01	
5.5322231580202921e+00	
1.0806384873878423e+00	
-1.0571565667048977e+00	
-2.2601922261272263e+00	
-3.4946875482875721e+00	
-5.3846653185978015e+00	
-8.3691894132625109e+00	
-1.2111684428851213e+01	
-1.4059382973279758e+01	
-1.1486933823911134e+01	
-6.8225370765669373e+00	
-3.4790593147715443e+00	
-1.9401914058687231e+00	
-1.5483633860494981e+00	
-1.8396326892217512e+00	
-2.7429221279913971e+00	
-4.5149818037694214e+00	
-7.6480053081659625e+00	
-1.2173187194155510e+01	
-1.5341523765409978e+01	
-1.2604025000322000e+01	
-6.6383108378841049e+00	
-2.3691520945956825e+00	
-3.0146599520577427e-01	
6.3634248994473130e-01	
1.2785785409169994e+00	
2.1118460332973408e+00	
3.5633197265495440e+00	
6.1818584898373965e+00	
1.0435731979396561e+01	
1.4952060063722957e+01	
1.4583737572696966e+01	
8.7158210855878071e+00	
3.3233424788496255e+00	
4.5903830054226313e-01	
-8.6674753598895948e-01	
-1.7202121031527546e+00	
-2.7602342189755520e+00	
-4.4956109842776062e+00	
-7.4559653618503363e+00	
-1.1724357101598214e+01	
-1.4935054315610007e+01	
-1.2807681484210306e+01	
-7.2339383670113024e+00	
-2.9741966511160420e+00	
-8.7787105909138674e-01	
-7.6149126335561413e-03	
4.0399654898837539e-01	
7.6503491691807401e-01	
1.3257821121890438e+00	
2.3755098765781053e+00	
4.3926245940450421e+00	
8.1167635922847676e+00	
1.3638077559154860e+01	
1.6713506032573505e+01	
1.1820609128070474e+01	
4.5926511230814224e+00	
2.1121394942135266e-01	
-1.8987401172396818e+00	
-3.2351964162507447e+00	
-4.7710866450367249e+00	
-7.0736652113994882e+00	
-1.0238884766556032e+01	
-1.2988591977655027e+01	
-1.2633711725691009e+01	
-9.0769020505017100e+00	
-5.4298407566763345e+00	
-3.3514555699769053e+00	
-2.6852490049871327e+00	
-2.9948591569791287e+00	
-4.1421951845427465e+00	
-6.3247329924734039e+00	
-9.7075308085292722e+00	
-1.3265229057121521e+01	
-1.3698158322471501e+01	
-9.8154483832109012e+00	
-5.3512028946551151e+00	
-2.6867729825442561e+00	
-1.6227287577614034e+00	
-1.4887111936008421e+00	
-1.9452699792678454e+00	
-3.0395699677336236e+00	
-5.1133180347147702e+00	
-8.6829455056116949e+00	
-1.3377836817744720e+01	
-1.5380050515470321e+01	
-1.1147273218153394e+01	
-5.2233105254488388e+00	
-1.5420008416871516e+00	
1.6331622426261522e-01	
1.0117654686642856e+00	
1.7514040250432343e+00	
2.8658488225644119e+00	
4.8350543892308862e+00	
8.2262624759795351e+00	
1.2881773161228056e+01	
1.5428503051523556e+01	
1.1789930367124567e+01	
5.7999042302590249e+00	
1.8646064399936746e+00	
1.4479806996301043e-02	
-8.6745990083091551e-01	
-1.5660157299412572e+00	
-2.5676494011629760e+00	
-4.3290666447078401e+00	
-7.4252041841260068e+00	
-1.2007567239611120e+01	
-1.5460234628397410e+01	
-1.2917941223697710e+01	
-6.7980856150556672e+00	
-2.3330036176543016e+00	
-1.4953616219195781e-01	
8.7226773539709523e-01	
1.6171207817833941e+00	
2.6274026826070065e+00	
4.3787215546945983e+00	
7.4235752560317163e+00	
1.1893460973986132e+01	
1.5271601707079780e+01	
1.2901558732927910e+01	
6.9727534872048231e+00	
2.5683895453334400e+00	
4.0957599626373198e-01	
-5.6110156819709534e-01	
-1.1889840682155199e+00	
-1.9756122873020083e+00	
-3.3294179088726308e+00	
-5.7869813015047846e+00	
-9.8802159669717451e+00	
-1.4609640101329548e+01	
-1.5038522057339243e+01	
-9.4453712456360055e+00	
-3.7547933673268687e+00	
-6.1614448472110250e-01	
8.3586823266193455e-01	
1.7274730189207264e+00	
2.7651054130214958e+00	
4.4696854671814332e+00	
7.3688938889081239e+00	
1.1561806429456624e+01	
1.4806801033690316e+01	
1.2899698558133178e+01	
7.4442152771944974e+00	
3.1716521949100938e+00	
1.0430556806878308e+00	
1.8316277983832624e-01	
-1.7359198398512132e-01	
-4.1355715351333955e-01	
-7.3758014071801559e-01	
-1.3291600322265904e+00	
-2.4842144599728502e+00	
-4.7570351904670272e+00	
-8.9778376875151871e+00	
-1.4894385994135703e+01	
-1.6831552274892626e+01	
-1.0349327566125416e+01	
-3.1084425373285045e+00	
8.8311015084080957e-01	
2.8459622121366235e+00	
4.2888562481922330e+00	
6.0975576978955601e+00	
8.6409417588453543e+00	
1.1461139238604845e+01	
1.2699788647090811e+01	
1.0822293220298040e+01	
7.4241242981270075e+00	
4.8332316263082618e+00	
3.6765256412914775e+00	
3.6855185131425747e+00	
4.6436799242732816e+00	
6.5898567884251822e+00	
9.5257396813867778e+00	
1.2497295257443335e+01	
1.2973173223431433e+01	
9.9575638889538229e+00	
6.1740415299312748e+00	
3.7701765218808894e+00	
2.8635577463798825e+00	
3.0159346795535411e+00	
4.0229272662832543e+00	
6.0232613916461872e+00	
9.2016871895396637e+00	
1.2790720994662134e+01	
1.3797904826616490e+01	
1.0446744257889607e+01	
5.9633497504996065e+00	
3.0957867043152176e+00	
1.8927906247851394e+00	
1.7151362201925033e+00	
2.1998251813585199e+00	
3.3755110087835147e+00	
5.5847870111767506e+00	
9.2648412450028896e+00	
1.3714356535456258e+01	
1.4904235216877117e+01	
1.0363425186934473e+01	
4.8617710881276395e+00	
1.5882327305976502e+00	
1.2057201224932541e-01	
-5.5500616160378824e-01	
-1.0678810513709660e+00	
-1.7996319480324916e+00	
-3.1163079043341972e+00	
-5.5580599748043147e+00	
-9.7415824989383903e+00	
-1.4800553749723477e+01	
-1.5461703404747020e+01	
-9.5462046029314997e+00	
-3.4920630445167533e+00	
-1.7396618314299792e-01	
1.4077976194784989e+00	
2.4807501286238609e+00	
3.8258229180573782e+00	
6.0071844875868399e+00	
9.3710627074328610e+00	
1.3118935020698059e+01	
1.3982574960588465e+01	
1.0237809674076212e+01	
5.5652385566395273e+00	
2.6831972533146606e+00	
1.4784685644118869e+00	
1.2286887166120029e+00	
1.5355921425853432e+00	
2.3706954161119662e+00	
4.0113089450511676e+00	
6.9876972090537928e+00	
1.1608253113825043e+01	
1.5584426601446197e+01	
1.3565668044431764e+01	
7.2215456906447306e+00	
2.3615745183855688e+00	
-5.8476622356869831e-02	
-1.2267777459735234e+00	
-2.1281959988427612e+00	
-3.3787609929897351e+00	
-5.5017164462462977e+00	
-8.9610986183416745e+00	
-1.3202904262194506e+01	
-1.4696711526910095e+01	
-1.0784294031725754e+01	
-5.4902714116042945e+00	
-2.1760940897773255e+00	
-6.9695359790237643e-01	
-1.3916539814359211e-01	
7.9243686752295914e-02	
2.1827356726352931e-01	
4.0317914231487606e-01	
7.4058191195646805e-01	
1.4114698067641087e+00	
2.7677611473391739e+00	
5.4933926097594048e+00	
1.0508581134969488e+01	
1.6632730320377195e+01	
1.6106473439212582e+01	
7.8888468912566712e+00	
1.1361014112770509e+00	
-2.2485463890183603e+00	
-4.0376921316519976e+00	
-5.6115001827877729e+00	
-7.6308759173420952e+00	
-1.0062202821342851e+01	
-1.1861220917036174e+01	
-1.1450704498749461e+01	
-8.9778363911562700e+00	
-6.3572879612006492e+00	
-4.8208645151835601e+00	
-4.4823426568435840e+00	
-5.1552664202442378e+00	
-6.7642085256897104e+00	
-9.1876753349306295e+00	
-1.1643221136125501e+01	
-1.2267897714777254e+01	
-1.0148882440725904e+01	
-7.0568636407001284e+00	
-4.8824329844209622e+00	
-4.0352317783471179e+00	
-4.2916718111210868e+00	
-5.5018123414031361e+00	
-7.6847032983058154e+00	
-1.0571130856654310e+01	
-1.2692583831945839e+01	
-1.1882178613096366e+01	
-8.6053253244337125e+00	
-5.4991931327774033e+00	
-3.8139809363678880e+00	
-3.4326390811170273e+00	
-4.0348666884866127e+00	
-5.5802757073893385e+00	
-8.1861092076691460e+00	
-1.1462365169850719e+01	
-1.3374088239685326e+01	
-1.1566741317678449e+01	
-7.5824109938365929e+00	
-4.4301301432955658e+00	
-2.9235169575806261e+00	
-2.6433087160063407e+00	
-3.2400341719636341e+00	
-4.7112320832080252e+00	
-7.3098255279010429e+00	
-1.1012421774263872e+01	
-1.3993299164333401e+01	
-1.2782424775130542e+01	
-8.1780526105598437e+00	
-4.1854940624369856e+00	
-2.1209021968166533e+00	
-1.4108330391699648e+00	
-1.4605769097441361e+00	
-2.0535731801058450e+00	
-3.3172740091264430e+00	
-5.6781673472566521e+00	
-9.6308966704701842e+00	
-1.4314086814486792e+01	
-1.5075887810057067e+01	
-9.8101275669111185e+00	
-4.1173699112944284e+00	
-9.0489983258968065e-01	
5.7039972252602156e-01	
1.4065350874929279e+00	
2.3006755389852263e+00	
3.7482634102810573e+00	
6.2850891240481452e+00	
1.0291062376123667e+01	
1.4461336354453111e+01	
1.4268596704021423e+01	
8.9977952193162043e+00	
3.9168309714188649e+00	
1.1520262804111272e+00	
-5.4192971459915008e-02	
-6.4228182155770353e-01	
-1.1645758599506619e+00	
-1.9697456197835843e+00	
-3.4420943041519632e+00	
-6.1632864462292840e+00	
-1.0685790556654428e+01	
-1.5482636368535649e+01	
-1.4762424011810417e+01	
-8.2668708964245976e+00	
-2.6587957392212913e+00	
2.4899858104155392e-01	
1.6687620055381329e+00	
2.7645349990772803e+00	
4.2521449669631588e+00	
6.6699037497170561e+00	
1.0242224873930629e+01	
1.3657660243444603e+01	
1.3427551011422098e+01	
9.1312152836169904e+00	
4.7974384616048047e+00	
2.3718902493153537e+00	
1.4484917334319516e+00	
1.3705388624828090e+00	
1.8382796705890316e+00	
2.9159381404815696e+00	
4.9644008684264422e+00	
8.5295210120421316e+00	
1.3339770622768620e+01	
1.5576728820369105e+01	
1.1350831367748214e+01	
5.2355237386368545e+00	
1.4147796198487279e+00	
-3.7094145472734957e-01	
-1.2990430719198389e+00	
-2.1656187009979067e+00	
-3.4928681043390455e+00	
-5.8072503186502562e+00	
-9.5544753395109474e+00	
-1.3881844013577995e+01	
-1.4672321860975609e+01	
-9.9769950158536851e+00	
-4.6566687446863266e+00	
-1.5686321387317412e+00	
-2.0362996954231424e-01	
3.9877364049097724e-01	
8.3120440203874790e-01	
1.4212423161036483e+00	
2.4824553049145508e+00	
4.4858267241441299e+00	
8.1251216493611871e+00	
1.3432708573554216e+01	
1.6402691513939800e+01	
1.1858013944502494e+01	
4.9264093285354749e+00	
6.3275055106430433e-01	
-1.4220077382725675e+00	
-2.6609163388615222e+00	
-4.0255853252187288e+00	
-6.1317633349928382e+00	
-9.2955835064970564e+00	
-1.2738762610926607e+01	
-1.3589729243747499e+01	
-1.0298729691038686e+01	
-5.9932011798081914e+00	
-3.2526951184225221e+00	
-2.1285591502377641e+00	
-2.0359329611349368e+00	
-2.6616454053200034e+00	
-4.0795001756516287e+00	
-6.6471444772521942e+00	
-1.0594587097890223e+01	
-1.4381437970151666e+01	
-1.3757923052306261e+01	
-8.6516802994077082e+00	
-3.9471240735956585e+00	
-1.4307109039087886e+00	
-3.8996473749761651e-01	
1.2267006459919709e-03	
1.8831692227490773e-01	
3.7064914991447118e-01	
6.6734965227397502e-01	
1.2400062486487722e+00	
2.3894249143169874e+00	
4.6897995883850996e+00	
9.0411096602655068e+00	
1.5231681331319354e+01	
1.7116840741211011e+01	
1.0108471896456916e+01	
2.6216956286368998e+00	
-1.4172382279874827e+00	
-3.4207595673423850e+00	
-4.9392858286230670e+00	
-6.8176907838690912e+00	
-9.2759639569254997e+00	
-1.1607237812504035e+01	
-1.2075596836497734e+01	
-9.9601803959947066e+00	
-7.0085185195752979e+00	
-4.9709824422055231e+00	
-4.2144794881539926e+00	
-4.5423402207958432e+00	
-5.8255853949821921e+00	
-8.0474739201142533e+00	
-1.0828766595371711e+01	
-1.2598093333302543e+01	
-1.1455471225585397e+01	
-8.2375115232817997e+00	
-5.3922406177576310e+00	
-3.9362672718755496e+00	
-3.7172238907099509e+00	
-4.4794097239349302e+00	
-6.2111498478689597e+00	
-8.9392084940365386e+00	
-1.1977572681618366e+01	
-1.3068798379776942e+01	
-1.0638816195532865e+01	
-6.8641660682362353e+00	
-4.2106404465319258e+00	
-3.0902729777879352e+00	
-3.1005759365721755e+00	
-4.0004282553862138e+00	
-5.8715646658652139e+00	
-8.8836738382416769e+00	
-1.2406962963631875e+01	
-1.3740047047361930e+01	
-1.0826105676274457e+01	
-6.4351346078478793e+00	
-3.4631391689957023e+00	
-2.1768828702230407e+00	
-1.9825612440084175e+00	
-2.5175280729653200e+00	
-3.8109308726173960e+00	
-6.1971573692206912e+00	
-9.9868787266705912e+00	
-1.4038859092343273e+01	
-1.4226298993434851e+01	
-9.4309864811713080e+00	
-4.4448423760771556e+00	
-1.6369204089248086e+00	
-4.4333471443836581e-01	
1.6753430815812050e-02	
2.4348441348644620e-01	
4.6399914626998895e-01	
8.3357893642108349e-01	
1.5447011175815708e+00	
2.9487510413355937e+00	
5.7202200309360709e+00	
1.0685027661040118e+01	
1.6463981670110474e+01	
1.5685703122425462e+01	
7.8208895043137341e+00	
1.3972785356306670e+00	
-1.8370182196496276e+00	
-3.5496376887093377e+00	
-5.0778618112137748e+00	
-7.1172807040104979e+00	
-9.7753913784906867e+00	
-1.2091148293466668e+01	
-1.2096089170152954e+01	
-9.4624519188394522e+00	
-6.3847939997544731e+00	
-4.4665066909225963e+00	
-3.8699110573077609e+00	
-4.3223562075560231e+00	
-5.7256525522144042e+00	
-8.1172059077461292e+00	
-1.1107006904807749e+01	
-1.2927942730688555e+01	
-1.1506245128406436e+01	
-7.9561160516035008e+00	
-4.9808413613339759e+00	
-3.5073837495120768e+00	
-3.2786148599763267e+00	
-3.9964780947860454e+00	
-5.6652040770619925e+00	
-8.4201761180487544e+00	
-1.1807591024122146e+01	
-1.3552880985806942e+01	
-1.1342950155173032e+01	
-7.1659816163150660e+00	
-4.0578713960293387e+00	
-2.6271725042626426e+00	
-2.3803193174424386e+00	
-2.9593785957515268e+00	
-4.3719735958470078e+00	
-6.9103916807646417e+00	
-1.0687943947133020e+01	
-1.4093860410698040e+01	
-1.3317946338938603e+01	
-8.5684398936282520e+00	
-4.2189322592851095e+00	
-1.9002239969348473e+00	
-1.0166555975742506e+00	
-8.6561543511597627e-01	
-1.1248035527570450e+00	
-1.7981927498742376e+00	
-3.1316987580419853e+00	
-5.6514575996190164e+00	
-9.9914613381686515e+00	
-1.5137944126484452e+01	
-1.5449335636229744e+01	
-9.1508413482066935e+00	
-3.0786134776180312e+00	
1.7728272837443007e-01	
1.7595834114100406e+00	
2.9147086926294934e+00	
4.4286357223769315e+00	
6.8426323654375008e+00	
1.0320648008297564e+01	
1.3514622534080143e+01	
1.3152243286135541e+01	
9.0299247215741083e+00	
4.9161101829257392e+00	
2.6210409776999777e+00	
1.7954431638513575e+00	
1.8454020708090029e+00	
2.5418957565693994e+00	
4.0169971179215231e+00	
6.6875856778094871e+00	
1.0818943882589785e+01	
1.4725016669988934e+01	
1.3810275589633466e+01	
8.3297836090743154e+00	
3.5183950494193166e+00	
9.9970629854798243e-01	
-8.1835350221127312e-02	
-6.2241197587999297e-01	
-1.1199625778265121e+00	
-1.9070426822025957e+00	
-3.3542890414046069e+00	
-6.0497607106956597e+00	
-1.0577317035381649e+01	
-1.5501619309673861e+01	
-1.4943424499480610e+01	
-8.3795914867963219e+00	
-2.6399998881074653e+00	
3.4635993199360277e-01	
1.8135476118119045e+00	
2.9530575048348200e+00	
4.5084798444617240e+00	
7.0014058896100639e+00	
1.0564867292305333e+01	
1.3692566119736505e+01	
1.3032262956577513e+01	
8.7252454247953359e+00	
4.6502238245138416e+00	
2.4413793708330513e+00	
1.6633513503673747e+00	
1.7208092673128195e+00	
2.3908113981521066e+00	
3.8112431414806367e+00	
6.4005325431430542e+00	
1.0518852019175494e+01	
1.4684324733659098e+01	
1.4186120588675928e+01	
8.6886201243642738e+00	
3.6268600650599701e+00	
9.2979304490518999e-01	
-2.6466586882041149e-01	
-8.9895098955784025e-01	
-1.5472384384055773e+00	
-2.5914239264733085e+00	
-4.4963326558440544e+00	
-7.8774584641809406e+00	
-1.2771756535733148e+01	
-1.5869236474612624e+01	
-1.2286062026556337e+01	
-5.8293030696957677e+00	
-1.5423772264202751e+00	
5.0966236541540544e-01	
1.5811544830601181e+00	
2.5725234216821971e+00	
4.0720338596503014e+00	
6.6107169915291397e+00	
1.0452231551472329e+01	
1.4168708573952351e+01	
1.3718865308737676e+01	
8.8436190483921866e+00	
4.2074158283644145e+00	
1.6911018857273656e+00	
6.7353212219882008e-01	
3.6287603586930856e-01	
3.5399722989807808e-01	
5.2354554205640558e-01	
9.0484367513752539e-01	
1.6682054692823947e+00	
3.1924257061499537e+00	
6.1859910734038230e+00	
1.1412250771351214e+01	
1.6875390579422287e+01	
1.4940573262788876e+01	
6.8801242018970132e+00	
8.8465370985457936e-01	
-2.0741358234071612e+00	
-3.7059816089337345e+00	
-5.2674392468045781e+00	
-7.3916422091079461e+00	
-1.0092171378770258e+01	
-1.2253764154591574e+01	
-1.1909422999530726e+01	
-9.0887937839602557e+00	
-6.0852346106610868e+00	
-4.3238877518476659e+00	
-3.8543439176919803e+00	
-4.4139111892261882e+00	
-5.9258479127844064e+00	
-8.4243642248735018e+00	
-1.1410568914430032e+01	
-1.2962486225948062e+01	
-1.1179942298105747e+01	
-7.5685709118641133e+00	
-4.7350433796357585e+00	
-3.4115722445726098e+00	
-3.2902250338374288e+00	
-4.0997625194493903e+00	
-5.8697349363619642e+00	
-8.7370390295388329e+00	
-1.2114527289142480e+01	
-1.3539216706554745e+01	
-1.0968137279294535e+01	
-6.7796083630716399e+00	
-3.8316204563166525e+00	
-2.5327550497410978e+00	
-2.3708975381551372e+00	
-3.0092989489105944e+00	
-4.4969373106867403e+00	
-7.1379041280108426e+00	
-1.0999111510821123e+01	
-1.4251933116158845e+01	
-1.3078076405237445e+01	
-8.1815396303197101e+00	
-3.9483021191940839e+00	
-1.7522599918075903e+00	
-9.3348057487804625e-01	
-7.9606855806598997e-01	
-1.0508473018582378e+00	
-1.6905643791178133e+00	
-2.9559146549959885e+00	
-5.3742403891439752e+00	
-9.6119783423105325e+00	
-1.4916761314451458e+01	
-1.5802393784209933e+01	
-9.6507441833102625e+00	
-3.3097650330228046e+00	
1.5916443701690450e-01	
1.8380776766294722e+00	
3.0377157604462495e+00	
4.5768019190734908e+00	
6.9953865140158582e+00	
1.0414106920579787e+01	
1.3429692886041360e+01	
1.2930256011916384e+01	
8.9050389510402805e+00	
4.9598477497277864e+00	
2.7731226684136630e+00	
2.0276150112464419e+00	
2.1745930864075880e+00	
3.0279857311768743e+00	
4.7640647063992603e+00	
7.7789962671445938e+00	
1.1991455973702941e+01	
1.4824836989161508e+01	
1.2369134152832926e+01	
6.9371794328126626e+00	
2.9380178484957713e+00	
1.0084904814956412e+00	
2.5308004905843551e-01	
-2.9634012482691669e-02	
-1.7479755536952690e-01	
-3.3682598978317196e-01	
-6.1552398277001319e-01	
-1.1611708177201971e+00	
-2.2562694794984659e+00	
-4.4796953737032412e+00	
-8.7402990006896264e+00	
-1.5029143408253956e+01	
-1.7415957694209304e+01	
-1.0523711780220440e+01	
-2.7524404784175531e+00	
1.4881424122342468e+00	
3.5705061363801658e+00	
5.1117271982530976e+00	
6.9643093698482170e+00	
9.3291781653169945e+00	
1.1492935665087359e+01	
1.1852290006740493e+01	
9.8271229405878664e+00	
7.0579521166559145e+00	
5.1471526334328326e+00	
4.4687013413327508e+00	
4.8526259908417506e+00	
6.1840019211387123e+00	
8.4011143303646829e+00	
1.1001234529681465e+01	
1.2384877702490765e+01	
1.1005664014190529e+01	
7.9430501559275726e+00	
5.3907532780554117e+00	
4.1591915041848821e+00	
4.1084663466116238e+00	
5.0370530475705184e+00	
6.9276809968713255e+00	
9.6867295561483395e+00	
1.2283626273007199e+01	
1.2485072926607772e+01	
9.6834112020796770e+00	
6.2980875557062204e+00	
4.1664455887206309e+00	
3.4321036545679031e+00	
3.7538133933873739e+00	
5.0094326963432154e+00	
7.2915643394672403e+00	
1.0485022167370154e+01	
1.3129523362508355e+01	
1.2497477364133996e+01	
8.7941054540166235e+00	
5.2009341870555570e+00	
3.2204430078290360e+00	
2.6226197818916956e+00	
2.9728801387857589e+00	
4.1594161517519561e+00	
6.3885638135441019e+00	
9.8297349843701181e+00	
1.3394948538521026e+01	
1.3681169911050025e+01	
9.6598850205239994e+00	
5.1882641083435574e+00	
2.5636912575037409e+00	
1.5221536022185056e+00	
1.3819147455564968e+00	
1.8102363004763371e+00	
2.8343499784592132e+00	
4.7994602082167104e+00	
8.2421377957647231e+00	
1.3006526050381202e+01	
1.5590996967186456e+01	
1.1767626847506063e+01	
5.6213964766820448e+00	
1.6402596225392398e+00	
-2.3466684745112854e-01	
-1.1786893335779092e+00	
-2.0013465782020115e+00	
-3.2324913871734884e+00	
-5.3850619214165567e+00	
-8.9576357599274168e+00	
-1.3427779360243418e+01	
-1.5007449213949648e+01	
-1.0782121873893967e+01	
-5.2019864540566179e+00	
-1.7735856556723970e+00	
-2.2148790008252431e-01	
4.7537311955482009e-01	
9.6787031705749305e-01	
1.6396999861051063e+00	
2.8336190722326533e+00	
5.0635623972503696e+00	
8.9797698851007954e+00	
1.4174624997665603e+01	
1.5937015552316682e+01	
1.0615452111117168e+01	
4.1812184949678617e+00	
4.5190471345938227e-01	
-1.3202326360753658e+00	
-2.4360595765397854e+00	
-3.7474089529688230e+00	
-5.8303125015352215e+00	
-9.0650017169103663e+00	
-1.2802150072984702e+01	
-1.4003791250217814e+01	
-1.0621619188520805e+01	
-5.9631534743541490e+00	
-2.9622050015999317e+00	
-1.6772148137356486e+00	
-1.4069185248350131e+00	
-1.7498884088414306e+00	
-2.6786984159618052e+00	
-4.4807987774479541e+00	
-7.6786572291959008e+00	
-1.2329146282721499e+01	
-1.5532741529591581e+01	
-1.2569671162316705e+01	
-6.4173462877614922e+00	
-2.1047106757723411e+00	
-2.7609778848623645e-02	
9.6251145843210273e-01	
1.7295852072779039e+00	
2.8034293492326250e+00	
4.6706583507885648e+00	
7.8847237190438655e+00	
1.2406989456139142e+01	
1.5293033301840474e+01	
1.2260958691408080e+01	
6.3769448758031180e+00	
2.2799350062790689e+00	
3.2803755114827349e-01	
-5.4762146287940161e-01	
-1.1354265019316594e+00	
-1.8966334404219822e+00	
-3.2215547544925611e+00	
-5.6450523871736236e+00	
-9.7335008565212906e+00	
-1.4596001113132603e+01	
-1.5243209569473983e+01	
-9.6165997432201369e+00	
-3.7637011231596875e+00	
-5.1953406774019451e-01	
9.9762704939252311e-01	
1.9553362850767004e+00	
3.0893499937585771e+00	
4.9444292561346428e+00	
8.0182028449077407e+00	
1.2160181013759439e+01	
1.4689017439281757e+01	
1.2023514161072917e+01	
6.7439587997338046e+00	
2.9546425943437908e+00	
1.1556131890816701e+00	
4.9632395790754974e-01	
3.3682935609075831e-01	
4.0681244051740173e-01	
6.5583167785410568e-01	
1.1691469772521905e+00	
2.1923229524797208e+00	
4.2324094425100842e+00	
8.1216243707600331e+00	
1.4061002446939485e+01	
1.7302369408056375e+01	
1.1667456765770249e+01	
3.9014116276933843e+00	
-6.2962033181863120e-01	
-2.8257216732866213e+00	
-4.3146858786737079e+00	
-6.0614801408528987e+00	
-8.4791817124500195e+00	
-1.1184869405428410e+01	
-1.2507401528290002e+01	
-1.0921368921985621e+01	
-7.7258835425921069e+00	
-5.1631321470017504e+00	
-3.9725156007891078e+00	
-3.9541382425103944e+00	
-4.9042866454136815e+00	
-6.8330447418100331e+00	
-9.6665200505693267e+00	
-1.2393891679733962e+01	
-1.2649151746232764e+01	
-9.7385548080371862e+00	
-6.2105933210873330e+00	
-3.9975699785472538e+00	
-3.2144205693233885e+00	
-3.4862796974721726e+00	
-4.6673560986769616e+00	
-6.8785807820478730e+00	
-1.0115010895847481e+01	
-1.3125877715628938e+01	
-1.2972985112286551e+01	
-9.2714253088341696e+00	
-5.3658209336271545e+00	
-3.1116724689342208e+00	
-2.3255143180988269e+00	
-2.4909405577200823e+00	
-3.4300731228303052e+00	
-5.3098177454507303e+00	
-8.4612480320520689e+00	
-1.2505469690573207e+01	
-1.4504007289212426e+01	
-1.1440688595417043e+01	
-6.3477697453871986e+00	
-2.8702240563063257e+00	
-1.2783772430445099e+00	
-7.5937110892926918e-01	
-7.5696270276180799e-01	
-1.0893676487969715e+00	
-1.8196159339170546e+00	
-3.2553448587455094e+00	
-5.9791343848040874e+00	
-1.0632748222300863e+01	
-1.5768420753766289e+01	
-1.5120265134597462e+01	
-8.2111653498869170e+00	
-2.3027701572649857e+00	
7.4199150082723142e-01	
2.2777141401332179e+00	
3.5469887152557664e+00	
5.3015105151211186e+00	
7.9987514591155024e+00	
1.1432383194145999e+01	
1.3579963553708474e+01	
1.1812464106971358e+01	
7.6317387611828487e+00	
4.2928331430245379e+00	
2.6697084249425864e+00	
2.2961319520922996e+00	
2.7585940400472904e+00	
4.0210202799629240e+00	
6.3567580675362114e+00	
9.9960516717375807e+00	
1.3763200392214522e+01	
1.3893119293922886e+01	
9.4430743430480426e+00	
4.7536191286916329e+00	
2.0820633548475920e+00	
9.9371813304893675e-01	
7.1416576989649005e-01	
8.4874998761970022e-01	
1.3148366656468433e+00	
2.2687296207884731e+00	
4.1200043571665592e+00	
7.5440315999619223e+00	
1.2821890306176485e+01	
1.6555247157169134e+01	
1.2748782602748296e+01	
5.5548654391516950e+00	
8.4467271747587902e-01	
-1.4316852171528749e+00	
-2.7480268030959798e+00	
-4.1328806595813683e+00	
-6.2158569090594975e+00	
-9.2941217295102287e+00	
-1.2596641005866735e+01	
-1.3400276042469011e+01	
-1.0272800001576515e+01	
-6.1405646408801564e+00	
-3.4766187423419503e+00	
-2.4016721932153726e+00	
-2.3748483311831854e+00	
-3.1321513464114488e+00	
-4.7584265290175667e+00	
-7.5978319288586054e+00	
-1.1574210998559126e+01	
-1.4462293617522668e+01	
-1.2544490538316188e+01	
-7.4693282347072465e+00	
-3.4862354716345378e+00	
-1.5195882091989934e+00	
-8.1340990342316444e-01	
-7.1345557317016917e-01	
-9.5918842584691510e-01	
-1.5609221501108217e+00	
-2.7601386488448045e+00	
-5.0652522277848480e+00	
-9.1838962038764542e+00	
-1.4650939492149362e+01	
-1.6186418567290048e+01	
-1.0224679218751229e+01	
-3.5634883117597194e+00	
1.6485982851671846e-01	
1.9671184943683377e+00	
3.2254020507544343e+00	
4.8066466067960345e+00	
7.2359109950535041e+00	
1.0566880311224383e+01	
1.3316858485715548e+01	
1.2598274838562187e+01	
8.6965633961555788e+00	
4.9919776360800876e+00	
2.9781651006187433e+00	
2.3530582491749641e+00	
2.6377148846680867e+00	
3.7102980922263198e+00	
5.7795821280433506e+00	
9.1385829037971806e+00	
1.3083391895672134e+01	
1.4280076544263718e+01	
1.0554925770061658e+01	
5.6360615647409524e+00	
2.5476780324128119e+00	
1.2130659622890712e+00	
8.3561991264783442e-01	
9.4038114778932180e-01	
1.4167676010324539e+00	
2.4056040327114081e+00	
4.3141352222854055e+00	
7.8029444860883492e+00	
1.3014088999723189e+01	
1.6377139330021016e+01	
1.2368447835091315e+01	
5.4063673953179467e+00	
9.1861357071633731e-01	
-1.2386795723004838e+00	
-2.4800694221183943e+00	
-3.7860525581658599e+00	
-5.7817567447324230e+00	
-8.8457390547998482e+00	
-1.2428507221230868e+01	
-1.3805920869310077e+01	
-1.0867133729718450e+01	
-6.4126165961866324e+00	
-3.4036892967365664e+00	
-2.0927513589128210e+00	
-1.8716290026251752e+00	
-2.3604034274066019e+00	
-3.5804090789079273e+00	
-5.8498144954458935e+00	
-9.5537258011067241e+00	
-1.3813196083807263e+01	
-1.4589039704335242e+01	
-9.9914541341613887e+00	
-4.7459892567255615e+00	
-1.6852544492998101e+00	
-3.4496241226389351e-01	
2.1452816418916029e-01	
5.5825352767398062e-01	
9.8139787052232763e-01	
1.7276539945942906e+00	
3.1504647896628506e+00	
5.8741284121288002e+00	
1.0591351922148659e+01	
1.5911172382452555e+01	
1.5319864124540169e+01	
8.1946303639331983e+00	
2.1181406184942424e+00	
-1.0011629736930299e+00	
-2.5970472797057376e+00	
-3.9450936477987435e+00	
-5.8054039237355157e+00	
-8.5633499233108186e+00	
-1.1781306923515231e+01	
-1.3286230093530131e+01	
-1.1086040426921569e+01	
-7.1486471281438293e+00	
-4.2414152063597710e+00	
-2.9320371669394110e+00	
-2.7943003669358992e+00	
-3.5292316253488072e+00	
-5.1800890515294320e+00	
-7.9885302795151008e+00	
-1.1707393059714974e+01	
-1.4046081802334983e+01	
-1.1965732463548800e+01	
-7.3227717775078665e+00	
-3.7658338654593213e+00	
-2.0538064771596227e+00	
-1.5638583814674691e+00	
-1.7939191769549836e+00	
-2.6283916435205259e+00	
-4.2914585286791604e+00	
-7.2644327959673598e+00	
-1.1698294329206606e+01	
-1.5230729158777690e+01	
-1.3122118572026251e+01	
-7.2079624121757613e+00	
-2.6938876171489459e+00	
-4.5823254065765806e-01	
5.4233963041971622e-01	
1.1788538894436724e+00	
1.9588047795175825e+00	
3.2974419280013985e+00	
5.7198697693465306e+00	
9.7696694950458873e+00	
1.4513574315297655e+01	
1.5095853150039680e+01	
9.5982910053444606e+00	
3.8725412524870970e+00	
6.8906918606101164e-01	
-7.8626751611996915e-01	
-1.6696681425051636e+00	
-2.6835872526399389e+00	
-4.3444231059181524e+00	
-7.1771216451440809e+00	
-1.1343260822011667e+01	
-1.4774339902141298e+01	
-1.3149401986858939e+01	
-7.7031538527695398e+00	
-3.2960136456392268e+00	
-1.0716946940178602e+00	
-1.5697817857121402e-01	
2.3277084491886413e-01	
5.1324275470866032e-01	
9.0381727144707591e-01	
1.6192779609596213e+00	
3.0119500074142751e+00	
5.7094806615991409e+00	
1.0475418106085291e+01	
1.6039027727582656e+01	
1.5615716013714149e+01	
8.2510200045650350e+00	
1.9398868596820085e+00	
-1.2946680172123741e+00	
-2.9648788813279352e+00	
-4.3963356110246599e+00	
-6.3355554582748805e+00	
-9.0871248733229706e+00	
-1.1979299039951178e+01	
-1.2840882089520825e+01	
-1.0389532295900496e+01	
-6.7954083712291009e+00	
-4.3146044274036628e+00	
-3.3065990566763039e+00	
-3.4187917654313678e+00	
-4.4410168148109435e+00	
-6.4635886875573947e+00	
-9.5527874209294801e+00	
-1.2746651550989816e+01	
-1.3256172356829810e+01	
-9.9674154216377708e+00	
-5.9256209400139204e+00	
-3.4070159159213311e+00	
-2.4331150861245736e+00	
-2.4804304912159494e+00	
-3.3202855506244031e+00	
-5.0662441414655790e+00	
-8.0450226454149227e+00	
-1.2030661339342982e+01	
-1.4453944031418803e+01	
-1.1970493894988062e+01	
-6.9230933656923748e+00	
-3.2325205842225335e+00	
-1.4810623243763452e+00	
-8.9651713383949616e-01	
-8.9355144158749822e-01	
-1.2729030052067491e+00	
-2.1086453567897876e+00	
-3.7327596708888899e+00	
-6.7585270098077004e+00	
-1.1641332628593508e+01	
-1.6088174697993050e+01	
-1.3961414121386591e+01	
-7.0118355103307852e+00	
-1.7938916447166879e+00	
7.9752234931769050e-01	
2.1465263322501551e+00	
3.3549946757351101e+00	
5.1086266650575984e+00	
7.8784213910039167e+00	
1.1516142978768110e+01	
1.3895693310096535e+01	
1.2042656299962891e+01	
7.5487075795901175e+00	
3.9983895226494388e+00	
2.2654119001746142e+00	
1.7814486576884980e+00	
2.0677300475891185e+00	
3.0139839272796278e+00	
4.8750676243516127e+00	
8.0927758446172415e+00	
1.2498040143959114e+01	
1.5089273369008493e+01	
1.1972514311825508e+01	
6.3009255325590940e+00	
2.4036388278245182e+00	
5.6659131723337686e-01	
-2.1130028679398186e-01	
-6.4811676044128186e-01	
-1.1350999160317332e+00	
-1.9629783348244394e+00	
-3.5143398344440868e+00	
-6.4190118197238144e+00	
-1.1230929837890523e+01	
-1.6016537642157630e+01	
-1.4477940574969951e+01	
-7.4758558835005697e+00	
-1.9584913224522935e+00	
8.2053230486612183e-01	
2.2525404342873538e+00	
3.4981994577052720e+00	
5.2739124946421594e+00	
8.0341612147982087e+00	
1.1562673729380936e+01	
1.3733691537136945e+01	
1.1812764863541551e+01	
7.4790655358073082e+00	
4.0943945378535647e+00	
2.4629926098441763e+00	
2.0659205112618224e+00	
2.4698119112934003e+00	
3.6217286878430115e+00	
5.7965714554389054e+00	
9.3373014847287656e+00	
1.3463046674256299e+01	
1.4477661949669971e+01	
1.0288656251712430e+01	
5.1728608204607580e+00	
2.0820400344038155e+00	
7.3947326046744344e-01	
2.6316529620629409e-01	
1.3130683368396426e-01	
1.2818888352041571e-01	
1.9910336113817073e-01	
3.5794434323382862e-01	
6.8021085555295968e-01	
1.3413113282178302e+00	
2.7114893534521198e+00	
5.5179369464561203e+00	
1.0762479824521080e+01	
1.7124230299356000e+01	
1.6127369341675312e+01	
7.3477582769711631e+00	
5.1145008685999904e-01	
-2.8563257443746308e+00	
-4.6580037377276886e+00	
-6.2523666936045279e+00	
-8.2027551106381296e+00	
-1.0307483603725617e+01	
-1.1510500541489508e+01	
-1.0721869563082899e+01	
-8.4766393139316421e+00	
-6.3514121587753474e+00	
-5.2267537094342646e+00	
-5.1723850566482721e+00	
-6.0650226446291748e+00	
-7.7953517267745740e+00	
-1.0024848180355352e+01	
-1.1670828148188054e+01	
-1.1273103653773854e+01	
-8.9798328846062798e+00	
-6.5257505628658032e+00	
-5.0688713561025862e+00	
-4.7673175834393682e+00	
-5.4622230346831016e+00	
-7.0633683455973761e+00	
-9.3948191769663048e+00	
-1.1590896131810489e+01	
-1.1937477312109372e+01	
-9.8295034184973034e+00	
-6.9841868494044839e+00	
-5.0451320808203999e+00	
-4.3536800430035338e+00	
-4.7343350710433922e+00	
-6.0635622893337864e+00	
-8.3031316373659898e+00	
-1.0984579769520387e+01	
-1.2487619773025772e+01	
-1.1145367011309254e+01	
-7.9969646663494869e+00	
-5.3430826797639597e+00	
-4.0442333254913443e+00	
-3.9446537880217192e+00	
-4.8210233997191247e+00	
-6.6667231674755385e+00	
-9.4386708109548305e+00	
-1.2228631380501515e+01	
-1.2731991103625433e+01	
-1.0008005835660871e+01	
-6.4518202260102493e+00	
-4.1352990208043874e+00	
-3.2654082757805778e+00	
-3.4753679430094304e+00	
-4.5950217057374800e+00	
-6.7353790999232830e+00	
-9.9159149021335473e+00	
-1.2985634759454706e+01	
-1.3069150468191964e+01	
-9.5198558293128279e+00	
-5.5741941313973102e+00	
-3.2365115164783504e+00	
-2.3871401514867086e+00	
-2.5212199674674265e+00	
-3.4369777724220620e+00	
-5.2900658050690694e+00	
-8.3990280368766488e+00	
-1.2404478059427690e+01	
-1.4458623220623624e+01	
-1.1518354024588644e+01	
-6.4714963644211592e+00	
-2.9775004227267061e+00	
-1.3703100194032194e+00	
-8.5782652825352002e-01	
-8.8878112909385876e-01	
-1.2864885965773984e+00	
-2.1490871081754581e+00	
-3.8255305814665674e+00	
-6.9387184376641073e+00	
-1.1913315860009842e+01	
-1.6211845599010296e+01	
-1.3691509688276573e+01	
-6.6696486537209632e+00	
-1.5780826419284661e+00	
9.2875283198913061e-01	
2.2608341223709454e+00	
3.5000575163004459e+00	
5.3214352234503570e+00	
8.1707914540756121e+00	
1.1783149461619626e+01	
1.3865794122841235e+01	
1.1686481783204171e+01	
7.2138803241983167e+00	
3.8483736582908050e+00	
2.2583773372598985e+00	
1.8692065334960402e+00	
2.2375423996445671e+00	
3.3052002426737648e+00	
5.3536920483882291e+00	
8.7918851595261582e+00	
1.3140645926051478e+01	
1.4884446841395928e+01	
1.1016239810950704e+01	
5.5540232821122189e+00	
2.0974551335729652e+00	
5.3145509206432673e-01	
-1.0670112871521878e-01	
-4.4781060085784208e-01	
-8.1127869883401649e-01	
-1.4209753469765121e+00	
-2.5769197813082307e+00	
-4.8194061524654384e+00	
-8.9077337840055471e+00	
-1.4575475102815059e+01	
-1.6558929389233960e+01	
-1.0564135996483186e+01	
-3.5627399890705722e+00	
3.8188273708897635e-01	
2.2981791555792523e+00	
3.6476032720229759e+00	
5.3260406222082750e+00	
7.8212506690616213e+00	
1.0985547555511236e+01	
1.3128001817232679e+01	
1.1862826734462214e+01	
8.1367690353679727e+00	
4.9126613591233044e+00	
3.2675093495426495e+00	
2.9071530046859144e+00	
3.4778680880523396e+00	
4.9490007003276091e+00	
7.5267718295238071e+00	
1.1087594426383244e+01	
1.3776444509467449e+01	
1.2456954812631990e+01	
8.0835876736047574e+00	
4.3429356920588891e+00	
2.4264111242949622e+00	
1.8384751280461515e+00	
2.0606252295960279e+00	
2.9504023849199572e+00	
4.7316207813578064e+00	
7.8271170570003026e+00	
1.2170090744270661e+01	
1.5025041984047331e+01	
1.2326888267946476e+01	
6.7016148062045078e+00	
2.6617237216123493e+00	
7.2260161742478801e-01	
-8.0072189885233763e-02	
-4.8774453896357528e-01	
-8.8774295134532388e-01	
-1.5373599142529866e+00	
-2.7596417967895506e+00	
-5.0943060854669193e+00	
-9.2759420172800020e+00	
-1.4790812123772330e+01	
-1.6200569974383040e+01	
-1.0072404051744817e+01	
-3.3952125768683605e+00	
3.0639352950254622e-01	
2.1021961486305667e+00	
3.3903054056987854e+00	
5.0179243295724323e+00	
7.5056167837974330e+00	
1.0813378394572798e+01	
1.3318014085352980e+01	
1.2290301801484452e+01	
8.3876677994207025e+00	
4.8694122690534627e+00	
3.0160193667651045e+00	
2.5016963426434051e+00	
2.8965184225878229e+00	
4.1147559565264213e+00	
6.3857435217456677e+00	
9.8988456369789724e+00	
1.3531686954573582e+01	
1.3753761986402077e+01	
9.5724825474119033e+00	
5.0230222971031360e+00	
2.3858900748422331e+00	
1.3353851179588792e+00	
1.1481347113140798e+00	
1.4764991611936460e+00	
2.3171001677934835e+00	
3.9600918112545083e+00	
6.9564293602852025e+00	
1.1638757344936366e+01	
1.5700945733464268e+01	
1.3626648909238218e+01	
7.1516066874632553e+00	
2.2274737112109979e+00	
-2.2103910472842295e-01	
-1.4268057163137682e+00	
-2.4009781296458694e+00	
-3.7739900208286841e+00	
-6.0848942862721493e+00	
-9.6956602122172821e+00	
-1.3644677471165494e+01	
-1.4170690944525610e+01	
-9.8178420482207009e+00	
-4.9286100185846777e+00	
-2.0707063347420731e+00	
-8.7213347886233783e-01	
-5.0134900838765017e-01	
-5.0708170770247829e-01	
-7.4738970450351327e-01	
-1.2791494717261926e+00	
-2.3352789203408340e+00	
-4.4070766651405773e+00	
-8.2842125203111756e+00	
-1.4030551613645022e+01	
-1.6956772266984569e+01	
-1.1489409639635742e+01	
-4.0667692261241273e+00	
2.8478906855283326e-01	
2.3917151378826182e+00	
3.8016708034022284e+00	
5.4764856806628268e+00	
7.9082483503914380e+00	
1.0916638347748551e+01	
1.2888877214194316e+01	
1.1673098288775110e+01	
8.1754835897079907e+00	
5.1236141378120150e+00	
3.5668384365720356e+00	
3.2754922282842780e+00	
3.9428431766201575e+00	
5.5515344794437951e+00	
8.2434171371915923e+00	
1.1629258761185124e+01	
1.3543278416948676e+01	
1.1546742199579578e+01	
7.3907750597107942e+00	
4.1961063716911928e+00	
2.6832238911451518e+00	
2.3876525310677383e+00	
2.9303335125881209e+00	
4.2987472828280744e+00	
6.7794674236501224e+00	
1.0508560746588120e+01	
1.3990345179223278e+01	
1.3447523010853432e+01	
8.7933784470685570e+00	
4.3821612875591578e+00	
1.9836917537940473e+00	
1.0619858145503660e+00	
8.9765549917639664e-01	
1.1630286280014230e+00	
1.8462540538720431e+00	
3.2055030799904509e+00	
5.7642691827751502e+00	
1.0136289389100664e+01	
1.5202896500487267e+01	
1.5296587262656098e+01	
8.9688408399430148e+00	
3.0105661013169622e+00	
-1.6684684568674993e-01	
-1.7081173474068674e+00	
-2.8423523255042444e+00	
-4.3355643626887215e+00	
-6.7313636955971763e+00	
-1.0224854448843208e+01	
-1.3529000910240480e+01	
-1.3294623449256546e+01	
-9.1461212810016832e+00	
-4.9340257717895888e+00	
-2.5590977704413196e+00	
-1.6792704308646957e+00	
-1.6739066571885659e+00	
-2.2819627649713525e+00	
-3.6085352383401892e+00	
-6.0572162426586456e+00	
-1.0032725678285496e+01	
-1.4392220064590774e+01	
-1.4565188422566020e+01	
-9.3183910926075910e+00	
-4.0237999083408269e+00	
-1.0969947722324247e+00	
2.0169100927094763e-01	
8.7899519496506195e-01	
1.5190005550793235e+00	
2.5333756636966318e+00	
4.3747690618663437e+00	
7.6474294019455131e+00	
1.2474469662560040e+01	
1.5813100118523483e+01	
1.2617597985580147e+01	
6.1784226516977476e+00	
1.7588725746717095e+00	
-3.7401072733161972e-01	
-1.4575958833446039e+00	
-2.4077107594664406e+00	
-3.8193451706495729e+00	
-6.2183356508958925e+00	
-9.9604245125071511e+00	
-1.3927496003850543e+01	
-1.4133040615520191e+01	
-9.4692325674509270e+00	
-4.5726284300192601e+00	
-1.7995376266953185e+00	
-6.3300051060930351e-01	
-2.3109946862938352e-01	
-1.2642620679654704e-01	
-1.3846619090890971e-01	
-2.2004886047977198e-01	
-4.0556936123592996e-01	
-7.7475601876105749e-01	
-1.5357974807469410e+00	
-3.1101541718443220e+00	
-6.3088427370744187e+00	
-1.2038867073090310e+01	
-1.7796778917101939e+01	
-1.4708483428599523e+01	
-5.7416208853679640e+00	
3.2768602041618755e-01	
3.2445625601819530e+00	
4.9319270191100237e+00	
6.5717002613193891e+00	
8.5991623838686202e+00	
1.0651194675438052e+01	
1.1545506507823637e+01	
1.0380868865515520e+01	
8.0264052114041888e+00	
6.0444684573167082e+00	
5.1203429367619568e+00	
5.2475261585172586e+00	
6.3040277679857786e+00	
8.1744540251980435e+00	
1.0419368915603446e+01	
1.1796538535062647e+01	
1.0974020425097082e+01	
8.4955265901215018e+00	
6.1574449772531779e+00	
4.9120136631694491e+00	
4.7951824170216142e+00	
5.6560003742527813e+00	
7.4170488116868887e+00	
9.8281128844762655e+00	
1.1850327541144594e+01	
1.1743790678465594e+01	
9.3324105115323004e+00	
6.5465640124176261e+00	
4.8108332306400792e+00	
4.3152666996242788e+00	
4.8611739392856697e+00	
6.3520241135845659e+00	
8.7321948538170879e+00	
1.1386351043849922e+01	
1.2506223851489136e+01	
1.0701631612915776e+01	
7.4783583730590264e+00	
5.0109904435144514e+00	
3.9187551469176749e+00	
3.9798881741742500e+00	
5.0028849845767871e+00	
7.0060922884944725e+00	
9.8931389739799531e+00	
1.2537050560883761e+01	
1.2537559621244244e+01	
9.4664634799485352e+00	
5.9880573401118626e+00	
3.8813633377149852e+00	
3.1853207375839125e+00	
3.5206206438004801e+00	
4.7638459589763178e+00	
7.0493652886580369e+00	
1.0341762887308500e+01	
1.3256529603043601e+01	
1.2828999033606552e+01	
8.9952883199044322e+00	
5.1533920476168422e+00	
3.0034524484401883e+00	
2.2835992290374683e+00	
2.4935842227851257e+00	
3.4694271363568272e+00	
5.4017114947225906e+00	
8.6198932422520560e+00	
1.2677729353070678e+01	
1.4508467212277141e+01	
1.1234153932287677e+01	
6.1349448165917781e+00	
2.7356792186998087e+00	
1.2008328939727928e+00	
6.9799744646682926e-01	
6.9085805589676919e-01	
9.8945418132324248e-01	
1.6614779919065696e+00	
2.9827198421576235e+00	
5.5138638956654704e+00	
9.9660299438087012e+00	
1.5389276586760809e+01	
1.5758641279195688e+01	
9.0790927401734987e+00	
2.7368270290617986e+00	
-6.2885624052695710e-01	
-2.2980926472420640e+00	
-3.5940773530005399e+00	
-5.3212081961268165e+00	
-7.9417096290906102e+00	
-1.1271549028437304e+01	
-1.3408373222727736e+01	
-1.1825520330258433e+01	
-7.8141281411256758e+00	
-4.5264741922839349e+00	
-2.9008698556555106e+00	
-2.5390370975840404e+00	
-3.0547607543260833e+00	
-4.4203741827526208e+00	
-6.8844790758190690e+00	
-1.0539485408927174e+01	
-1.3874570640847965e+01	
-1.3272478868009202e+01	
-8.7591224818644378e+00	
-4.4882003388690581e+00	
-2.1695818246959884e+00	
-1.3077864076237677e+00	
-1.2364327973411728e+00	
-1.6688081106406025e+00	
-2.6719844255611620e+00	
-4.5910661248533744e+00	
-8.0028146754461531e+00	
-1.2889780472992229e+01	
-1.5818276139724849e+01	
-1.2103737207466493e+01	
-5.7099739521462061e+00	
-1.5176196573762970e+00	
4.7779485550162776e-01	
1.5222037252929488e+00	
2.4867594478039017e+00	
3.9545494384982751e+00	
6.4503808272948104e+00	
1.0284781281236059e+01	
1.4141315051753779e+01	
1.3917822791499285e+01	
9.0508196916573755e+00	
4.2790417467014787e+00	
1.6530716985354323e+00	
5.6888114106022813e-01	
1.9630694252247399e-01	
9.7204351138232392e-02	
9.5194238836286721e-02	
1.4756945315488354e-01	
2.6601726416697896e-01	
5.1090753829604485e-01	
1.0217942220342517e+00	
2.0760995304225722e+00	
4.2805521098660355e+00	
8.6431026641817699e+00	
1.5329606786297550e+01	
1.7952848877946657e+01	
1.0440649296297959e+01	
2.1910856234432381e+00	
-2.2103965066014037e+00	
-4.3611031257779391e+00	
-5.9278250004701167e+00	
-7.6972138672307358e+00	
-9.6925961799943448e+00	
-1.1150716231597592e+01	
-1.0950807638038054e+01	
-9.1226802398619835e+00	
-7.0008827176950881e+00	
-5.6614516921867715e+00	
-5.3614608891484465e+00	
-6.0021880064368665e+00	
-7.4793873938293540e+00	
-9.5141274663192679e+00	
-1.1242673556277351e+01	
-1.1324580961960349e+01	
