1.0327345546596591e+00	
1.0317874444339599e+00	
1.0306240333612848e+00	
1.0293802205907936e+00	
1.0280956345328396e+00	
1.0268111797231572e+00	
1.0253780956761482e+00	
1.0241228238231492e+00	
1.0226686890866861e+00	
1.0213565442352488e+00	
1.0200073861128562e+00	
1.0191023980494898e+00	
1.0178468841210266e+00	
1.0169107331546734e+00	
1.0163195120122337e+00	
1.0157852040884812e+00	
1.0153972461317726e+00	
1.0153648114339207e+00	
1.0155224444285824e+00	
1.0157321917702851e+00	
1.0164737761110481e+00	
1.0176367368493169e+00	
1.0190134638006609e+00	
1.0207690465324202e+00	
1.0228996244623647e+00	
1.0253823711775467e+00	
1.0283823419647855e+00	
1.0317076742239248e+00	
1.0355232114021069e+00	
1.0394231419938742e+00	
1.0437837383186144e+00	
1.0486202794210542e+00	
1.0541205920236227e+00	
1.0594909814585005e+00	
1.0653219144320454e+00	
1.0712528278483424e+00	
1.0777599730561029e+00	
1.0842806489745787e+00	
1.0910137031692353e+00	
1.0976390832731600e+00	
1.1045752300346809e+00	
1.1110953604947822e+00	
1.1179796698304256e+00	
1.1243610570920499e+00	
1.1303394689013899e+00	
1.1365161737844973e+00	
1.1419087634485221e+00	
1.1469245487715762e+00	
1.1517564757533083e+00	
1.1559762498609820e+00	
1.1596136132604058e+00	
1.1628276070090466e+00	
1.1654528057493578e+00	
1.1675601718060664e+00	
1.1688473951609761e+00	
1.1697467149019354e+00	
1.1701555868237927e+00	
1.1699200004300523e+00	
1.1692342715215664e+00	
1.1681409966111860e+00	
1.1662962472295273e+00	
1.1642571897086673e+00	
1.1615678399348455e+00	
1.1587888006076137e+00	
1.1556256115197499e+00	
1.1519840990664638e+00	
1.1482002240594256e+00	
1.1441190670797596e+00	
1.1398119504077200e+00	
1.1354015620504543e+00	
1.1308508465276641e+00	
1.1263768186817698e+00	
1.1216488617723315e+00	
1.1166562483293692e+00	
1.1118001337807317e+00	
1.1070397871221280e+00	
1.1021191580099876e+00	
1.0974686718496800e+00	
1.0926753882965834e+00	
1.0877852213898902e+00	
1.0833638312343525e+00	
1.0787795651373024e+00	
1.0743458035884124e+00	
1.0701115821192799e+00	
1.0661379147180099e+00	
1.0621224183411488e+00	
1.0581893411574936e+00	
1.0546153978777528e+00	
1.0511395757664987e+00	
1.0477473379013369e+00	
1.0446768906286941e+00	
1.0418580015948349e+00	
1.0389815461098539e+00	
1.0362491256305875e+00	
1.0338385278391680e+00	
1.0314664043975406e+00	
1.0291336351987530e+00	
1.0273227964315419e+00	
1.0254220356972950e+00	
1.0233128180935651e+00	
1.0217783106395377e+00	
1.0201703870519716e+00	
1.0186024872127271e+00	
1.0166257484498342e+00	
1.0152549747707185e+00	
1.0136282549484148e+00	
1.0120717519461300e+00	
1.0103025015189366e+00	
1.0084215029235979e+00	
1.0066105280051403e+00	
1.0048027655143883e+00	
1.0023123186789795e+00	
1.0000099399320481e+00	
9.9711985272859394e-01	
9.9409150478389019e-01	
9.9115057788561145e-01	
9.8743547238827400e-01	
9.8378937678086087e-01	
9.7947487718577975e-01	
9.7497442655121147e-01	
9.7014208578276018e-01	
9.6495156977305929e-01	
9.5899419971638722e-01	
9.5329965166690178e-01	
9.4667016209090016e-01	
9.4001346251488505e-01	
9.3316063397496429e-01	
9.2590863316167515e-01	
9.1806080726251471e-01	
9.1047856987425491e-01	
9.0223260105615100e-01	
8.9390442159783412e-01	
8.8555486196769695e-01	
8.7703679123486722e-01	
8.6854395739385082e-01	
8.5994876125036712e-01	
8.5148685246357492e-01	
8.4298939025360264e-01	
8.3418166049082765e-01	
8.2559881291859516e-01	
8.1750771285102286e-01	
8.0928909211162237e-01	
8.0116293769257541e-01	
7.9323784672548892e-01	
7.8586353011749688e-01	
7.7834136220771921e-01	
7.7124301955144492e-01	
7.6428076383034482e-01	
7.5759653427658802e-01	
7.5097835322380446e-01	
7.4505549077305921e-01	
7.3935729931195460e-01	
7.3392934485390449e-01	
7.2873478113612256e-01	
7.2419372404431870e-01	
7.1993296501018489e-01	
7.1581787724202861e-01	
7.1228565572531666e-01	
7.0901340671250179e-01	
7.0604368394410288e-01	
7.0355800747229691e-01	
7.0150112988517344e-01	
6.9962235696536101e-01	
6.9831229155571051e-01	
6.9741271578179265e-01	
6.9673814754954411e-01	
6.9647763311725741e-01	
6.9632483932684730e-01	
6.9671365088183768e-01	
6.9731435862785562e-01	
6.9829266710519999e-01	
6.9936482055718263e-01	
7.0099331875641979e-01	
7.0262306641014849e-01	
7.0433727370495525e-01	
7.0697226612257791e-01	
7.0901727355149324e-01	
7.1165990640901866e-01	
7.1427771490443248e-01	
7.1729124420441803e-01	
7.1999936528873620e-01	
7.2318202970176682e-01	
7.2646481430922683e-01	
7.2982159810745106e-01	
7.3318872631284604e-01	
7.3672815721507234e-01	
7.4015559064752601e-01	
7.4386868945849638e-01	
7.4752315483965059e-01	
7.5138492734737206e-01	
7.5496847626639640e-01	
7.5874414996128337e-01	
7.6269043209217557e-01	
7.6650912243548375e-01	
7.7062992829519883e-01	
7.7478036369768977e-01	
7.7896381995634167e-01	
7.8317331026332626e-01	
7.8770881582128660e-01	
7.9227901222848252e-01	
7.9697553028574020e-01	
8.0181619837141715e-01	
8.0661863439769532e-01	
8.1208077115621635e-01	
8.1742601828576300e-01	
8.2346174921884518e-01	
8.2933588768168642e-01	
8.3542766045212802e-01	
8.4215548959441311e-01	
8.4880181014578238e-01	
8.5600019830647534e-01	
8.6363041856112588e-01	
8.7127124578151127e-01	
8.7930288205020468e-01	
8.8753177364448610e-01	
8.9629609735835969e-01	
9.0512047608879409e-01	
9.1401573061358332e-01	
9.2294850112521942e-01	
9.3221911942174662e-01	
9.4164114934370091e-01	
9.5106886513588718e-01	
9.6024986630051201e-01	
9.6980445473554655e-01	
9.7873635149574645e-01	
9.8791559792201955e-01	
9.9697332083687440e-01	
1.0057269864869411e+00	
1.0146197123907688e+00	
1.0229941207701432e+00	
1.0312032121050918e+00	
1.0394108291535455e+00	
1.0470341778013514e+00	
1.0546958435448985e+00	
1.0620275659013807e+00	
1.0692083952917839e+00	
1.0759338397663907e+00	
1.0824395133562965e+00	
1.0887383761989837e+00	
1.0948838928373368e+00	
1.1007567887930823e+00	
1.1061961222871441e+00	
1.1117984682159225e+00	
1.1168940257684754e+00	
1.1220530873788892e+00	
1.1268418719041240e+00	
1.1314338668675896e+00	
1.1361127144636072e+00	
1.1406481984670063e+00	
1.1449427900736142e+00	
1.1491745832190685e+00	
1.1532378472404101e+00	
1.1573434312458863e+00	
1.1610546894366058e+00	
1.1651650847125694e+00	
1.1688168231265537e+00	
1.1727646804006349e+00	
1.1765477899046097e+00	
1.1800677060390041e+00	
1.1837837713096100e+00	
1.1874501998855878e+00	
1.1910621056117368e+00	
1.1948919231843951e+00	
1.1984746212105355e+00	
1.2021118186501676e+00	
1.2057360632358989e+00	
1.2093671311261545e+00	
1.2130740537933007e+00	
1.2166816949916588e+00	
1.2204286318790667e+00	
1.2240804364847377e+00	
1.2275732302920679e+00	
1.2313371717308856e+00	
1.2348876419337653e+00	
1.2386514895205707e+00	
1.2422586558314468e+00	
1.2459661019473705e+00	
1.2495772009958463e+00	
1.2532795846207163e+00	
1.2567959512714180e+00	
1.2601243553513530e+00	
1.2637866050712876e+00	
1.2673860096291036e+00	
1.2706920736171445e+00	
1.2742055955190645e+00	
1.2776817617025678e+00	
1.2808618888674312e+00	
1.2841897850985735e+00	
1.2873608543358006e+00	
1.2905128017765617e+00	
1.2934171174629177e+00	
1.2964185769740568e+00	
1.2991528146236653e+00	
1.3016433192588015e+00	
1.3039981220225880e+00	
1.3064057413686032e+00	
1.3082867386555548e+00	
1.3100407892608879e+00	
1.3115703936193923e+00	
1.3131221423525119e+00	
1.3135403452460328e+00	
1.3141305937745054e+00	
1.3139125862649470e+00	
1.3133784448999957e+00	
1.3123589866834469e+00	
1.3107934528984113e+00	
1.3087428203213884e+00	
1.3058681961657117e+00	
1.3025153656037900e+00	
1.2984474502309979e+00	
1.2936648831498907e+00	
1.2884579848644280e+00	
1.2829811968336133e+00	
1.2762858785195976e+00	
1.2693508126363990e+00	
1.2617259434105703e+00	
1.2537707286965625e+00	
1.2452846154414627e+00	
1.2362922156384226e+00	
1.2270202894553712e+00	
1.2173379285067427e+00	
1.2073028403574673e+00	
1.1970688418173538e+00	
1.1864539918429486e+00	
1.1756188964377878e+00	
1.1645859021475180e+00	
1.1536066849427786e+00	
1.1420724095716448e+00	
1.1309026434455489e+00	
1.1190243574063732e+00	
1.1076307762278894e+00	
1.0957957523391659e+00	
1.0842525787458557e+00	
1.0724567994853684e+00	
1.0606223931330654e+00	
1.0487004462212350e+00	
1.0368441298575064e+00	
1.0251335178364811e+00	
1.0132709144722398e+00	
1.0015763559532302e+00	
9.8984269923649304e-01	
9.7833599843050612e-01	
9.6660165981730006e-01	
9.5486820230769420e-01	
9.4338820396405387e-01	
9.3203803370833671e-01	
9.2063773360654855e-01	
9.0936686153477497e-01	
8.9814186046579769e-01	
8.8682170878898192e-01	
8.7586644556054205e-01	
8.6463584186589681e-01	
8.5393161624396352e-01	
8.4282679920377712e-01	
8.3196740526346458e-01	
8.2113071039439778e-01	
8.1053856001561719e-01	
8.0013565014916910e-01	
7.8941114451679739e-01	
7.7929801763134732e-01	
7.6864263718627956e-01	
7.5851087227863334e-01	
7.4832875696659951e-01	
7.3842838209282757e-01	
7.2841423951176432e-01	
7.1867104218281896e-01	
7.0858145498573943e-01	
6.9905265090514657e-01	
6.8944862805771501e-01	
6.7991544440021112e-01	
6.7056445835699940e-01	
6.6125709629599150e-01	
6.5211802379895478e-01	
6.4283553147569827e-01	
6.3378542545262728e-01	
6.2507506586120543e-01	
6.1625369629109872e-01	
6.0763673884095182e-01	
5.9910939637313088e-01	
5.9058807433688731e-01	
5.8225915058538680e-01	
5.7414722997249790e-01	
5.6604974413809306e-01	
5.5809240610967847e-01	
5.4999449638157327e-01	
5.4252450016679554e-01	
5.3489911308940519e-01	
5.2753033490438372e-01	
5.2027468677911759e-01	
5.1298160981032837e-01	
5.0625825707593608e-01	
4.9940924267518028e-01	
4.9301320706558138e-01	
4.8649071315143422e-01	
4.8032048703914360e-01	
4.7453498410162998e-01	
4.6866581039128680e-01	
4.6342255904017704e-01	
4.5806230522979635e-01	
4.5325435176188478e-01	
4.4850257248581865e-01	
4.4427753660025426e-01	
4.4036698565413823e-01	
4.3662216236496260e-01	
4.3322237641464628e-01	
4.3031066644116167e-01	
4.2805958226555646e-01	
4.2613650238187389e-01	
4.2450525990435506e-01	
4.2374719978868780e-01	
4.2319540996022970e-01	
4.2353147892849685e-01	
4.2408802570843845e-01	
4.2567372570116252e-01	
4.2780625884217199e-01	
4.3051355576312195e-01	
4.3383455574214724e-01	
4.3818465321258693e-01	
4.4319675106479084e-01	
4.4889586331608550e-01	
4.5552489204353214e-01	
4.6279862503086577e-01	
4.7120779464244311e-01	
4.7991594192675269e-01	
4.8986981288444731e-01	
5.0025129662730028e-01	
5.1134842085800436e-01	
5.2315175198262009e-01	
5.3579189323328502e-01	
5.4861739307245050e-01	
5.6202106394760576e-01	
5.7588609996397233e-01	
5.9023680705194181e-01	
6.0465185307053637e-01	
6.1952673254642121e-01	
6.3457007918431307e-01	
6.4932812478785640e-01	
6.6471969126286412e-01	
6.7960969945941752e-01	
6.9435599936703829e-01	
7.0928253195467361e-01	
7.2369249978855377e-01	
7.3794079230328824e-01	
7.5192219898756274e-01	
7.6570267550429005e-01	
7.7903653069063250e-01	
7.9170210623401605e-01	
8.0441518796682765e-01	
8.1631210049369030e-01	
8.2800103603486885e-01	
8.3904630508118794e-01	
8.4975823223851632e-01	
8.6009606622013701e-01	
8.6993309838159272e-01	
8.7919566943216820e-01	
8.8796897708086386e-01	
8.9634560270764430e-01	
9.0423730251269041e-01	
9.1160968372931150e-01	
9.1868024382431068e-01	
9.2506068533598362e-01	
9.3122183769705436e-01	
9.3687548311514357e-01	
9.4187987403816043e-01	
9.4665353093091309e-01	
9.5113185731772387e-01	
9.5505100482535077e-01	
9.5861515826962873e-01	
9.6184442077708454e-01	
9.6462916850834535e-01	
9.6692969493532599e-01	
9.6919696287631885e-01	
9.7116015493267871e-01	
9.7278377465616395e-01	
9.7369427251130036e-01	
9.7476041928306734e-01	
9.7526717507339844e-01	
9.7541705144497781e-01	
9.7558307886958928e-01	
9.7542193625918416e-01	
9.7499225906106368e-01	
9.7436451564267479e-01	
9.7364245218154277e-01	
9.7246009356359253e-01	
9.7111404248895061e-01	
9.6970463471012991e-01	
9.6830323095357052e-01	
9.6672242812357956e-01	
9.6493211121685873e-01	
9.6307172004487140e-01	
9.6099431375924460e-01	
9.5899030007214048e-01	
9.5683723380166252e-01	
9.5482311602697967e-01	
9.5256236522775806e-01	
9.5046543272343265e-01	
9.4856182263959155e-01	
9.4652564156180008e-01	
9.4465232190407911e-01	
9.4280024246510852e-01	
9.4127302615868769e-01	
9.3964362602876239e-01	
9.3828961626946639e-01	
9.3722693513877575e-01	
9.3622353481702980e-01	
9.3547710591815036e-01	
9.3531474591898256e-01	
9.3506827223718103e-01	
9.3547298989308036e-01	
9.3618181270663936e-01	
9.3732618570921322e-01	
9.3855243447240566e-01	
9.4053269775461712e-01	
9.4280139690596776e-01	
9.4557775381078946e-01	
9.4887530942166753e-01	
9.5256919679764263e-01	
9.5668510780909688e-01	
9.6117166901333007e-01	
9.6607022490051420e-01	
9.7174100392863294e-01	
9.7762421278740907e-01	
9.8377403651613426e-01	
9.9045497877351329e-01	
9.9744670697310867e-01	
1.0048862067004356e+00	
1.0121297020232010e+00	
1.0197818737874156e+00	
1.0276740871760264e+00	
1.0355658370862788e+00	
1.0434427175231271e+00	
1.0513474289760312e+00	
1.0593293405784674e+00	
1.0668442339766993e+00	
1.0742131738553493e+00	
1.0812959757234648e+00	
1.0880130389063276e+00	
1.0945862567863052e+00	
1.1008339590069394e+00	
1.1062154052453039e+00	
1.1115919646962502e+00	
1.1164389355321807e+00	
1.1207971355552511e+00	
1.1244499232883309e+00	
1.1278632313139740e+00	
1.1311741543958875e+00	
1.1334201171938858e+00	
1.1354264637007352e+00	
1.1372645103823267e+00	
1.1388237904106138e+00	
1.1395973236589130e+00	
1.1405139333830494e+00	
1.1409054631636304e+00	
1.1411916148811438e+00	
1.1410241347488652e+00	
1.1410673110708534e+00	
1.1406864731961590e+00	
1.1400897312215927e+00	
1.1394185436487161e+00	
1.1388360235068946e+00	
1.1381171684694622e+00	
1.1374360233964040e+00	
1.1366165029376631e+00	
1.1358032685203383e+00	
1.1348600789272085e+00	
1.1341269002294034e+00	
1.1332906503279236e+00	
1.1328476268751080e+00	
1.1323363194706939e+00	
1.1318576366200501e+00	
1.1315067288300518e+00	
1.1313997930457680e+00	
1.1311412321747620e+00	
1.1312316548297088e+00	
1.1311804930335714e+00	
1.1317849528281776e+00	
1.1320819044241541e+00	
1.1326622440985679e+00	
1.1332022628497005e+00	
1.1338811226940471e+00	
1.1351545752467831e+00	
1.1361851991059233e+00	
1.1371483562127191e+00	
1.1388147402956195e+00	
1.1401699638605121e+00	
1.1416090136992783e+00	
1.1430143488019848e+00	
1.1445976563465663e+00	
1.1463757922632642e+00	
1.1481482353202270e+00	
1.1498651689418788e+00	
1.1518110583063081e+00	
1.1532920073188786e+00	
1.1549960978526852e+00	
1.1565784920684272e+00	
1.1582355849624857e+00	
1.1597313058216476e+00	
1.1607456797379374e+00	
1.1618795670662481e+00	
1.1628224969165870e+00	
1.1634675833429762e+00	
1.1639046842945520e+00	
1.1641517814054692e+00	
1.1640260227227350e+00	
1.1634247011258625e+00	
1.1627429460068204e+00	
1.1613487976934176e+00	
1.1597093606706128e+00	
1.1575994473101852e+00	
1.1550174611547239e+00	
1.1517424726150300e+00	
1.1481181281112944e+00	
1.1439260082671086e+00	
1.1392010574306530e+00	
1.1337838348108915e+00	
1.1280021327944110e+00	
1.1216403358548581e+00	
1.1147561869637788e+00	
1.1074214797657129e+00	
1.0999805396525284e+00	
1.0918577498586433e+00	
1.0834391736006075e+00	
1.0744479591281269e+00	
1.0656247356024162e+00	
1.0563627107808806e+00	
1.0470928785263773e+00	
1.0374177754847975e+00	
1.0278232523646624e+00	
1.0181933285354303e+00	
1.0084416540367744e+00	
9.9859670072497053e-01	
9.8891057853946684e-01	
9.7925127134268763e-01	
9.6954431913643990e-01	
9.6003491074964731e-01	
9.5056565955506589e-01	
9.4162210149495218e-01	
9.3224899511273995e-01	
9.2353293135202907e-01	
9.1471179155414628e-01	
9.0609625302589436e-01	
8.9766300929250553e-01	
8.8949946529225210e-01	
8.8131087380620299e-01	
8.7364600330391706e-01	
8.6599539118380520e-01	
8.5838316708596862e-01	
8.5144151970395743e-01	
8.4428889373614879e-01	
8.3738277004774608e-01	
8.3074864542824289e-01	
8.2459670114154260e-01	
8.1783469345941440e-01	
8.1183530099145074e-01	
8.0609575686547430e-01	
7.9989156775501091e-01	
7.9408290084135547e-01	
7.8859003164267027e-01	
7.8311658892684943e-01	
7.7750005572784686e-01	
7.7241750750544302e-01	
7.6695359868675494e-01	
7.6199678949451788e-01	
7.5690686843668553e-01	
7.5185810190326630e-01	
7.4697363462365840e-01	
7.4197388250640972e-01	
7.3707725259067047e-01	
7.3248434377789706e-01	
7.2718680278878023e-01	
7.2255288326745870e-01	
7.1746148581861913e-01	
7.1280741363891353e-01	
7.0786939854767905e-01	
7.0294360488664553e-01	
6.9821381441555364e-01	
6.9324348914584144e-01	
6.8855308834641227e-01	
6.8371361480175663e-01	
6.7880449617407634e-01	
6.7406608253309541e-01	
6.6935649820738696e-01	
6.6429841509901943e-01	
6.5975333030513428e-01	
6.5510166236014089e-01	
6.5043052190299167e-01	
6.4569776010643487e-01	
6.4149568413140379e-01	
6.3690153711781738e-01	
6.3256175176666507e-01	
6.2851697533195350e-01	
6.2445983795616944e-01	
6.2054471761271512e-01	
6.1669333468708754e-01	
6.1313432017419778e-01	
6.0990931536400672e-01	
6.0684104906957848e-01	
6.0400425075214215e-01	
6.0154191946117941e-01	
5.9956860017960723e-01	
5.9779305211863565e-01	
5.9653709976697988e-01	
5.9550293797781240e-01	
5.9509056832856178e-01	
5.9517552368292825e-01	
5.9593055368183034e-01	
5.9684898845007683e-01	
5.9883570095558802e-01	
6.0116168383425883e-01	
6.0415107296411641e-01	
6.0816728117316632e-01	
6.1226538345280701e-01	
6.1747388464904740e-01	
6.2312480167726658e-01	
6.2949895728993477e-01	
6.3679060187424907e-01	
6.4427948296642734e-01	
6.5272737450812035e-01	
6.6154155818384153e-01	
6.7096302034011934e-01	
6.8081259144366235e-01	
6.9106590565791848e-01	
7.0190335959575556e-01	
7.1286960041569591e-01	
7.2428761003789666e-01	
7.3570747992406094e-01	
7.4752421502085487e-01	
7.5951270195852139e-01	
7.7149398115078460e-01	
7.8340983817660981e-01	
7.9567645209638227e-01	
8.0752800140847703e-01	
8.1962886107826560e-01	
8.3167614042114058e-01	
8.4342276337970634e-01	
8.5531575987059449e-01	
8.6691434865384498e-01	
8.7803522885412000e-01	
8.8935863482319288e-01	
9.0021957514838458e-01	
9.1120373445402569e-01	
9.2174157297810611e-01	
9.3213265534065048e-01	
9.4212426817753681e-01	
9.5182640295603782e-01	
9.6157540224997440e-01	
9.7082226674087246e-01	
9.7992499225687091e-01	
9.8888361436564443e-01	
9.9743523366478237e-01	
1.0058823883298387e+00	
1.0137878769835247e+00	
1.0219940571204214e+00	
1.0295861224904275e+00	
1.0366135261879244e+00	
1.0438486204809301e+00	
1.0505922089311603e+00	
1.0571730494226328e+00	
1.0635274105736274e+00	
1.0692930277517674e+00	
1.0753100037339107e+00	
1.0808348193128532e+00	
1.0862374557713139e+00	
1.0912642706154727e+00	
1.0959943967373351e+00	
1.1005378467420390e+00	
1.1048586372296005e+00	
1.1089579290566780e+00	
1.1129134585913159e+00	
1.1165368389032020e+00	
1.1199334250263575e+00	
1.1231426617391655e+00	
1.1259435321338767e+00	
1.1287171765616355e+00	
1.1314235467004612e+00	
1.1335880873374411e+00	
1.1355456905034742e+00	
1.1376640866594834e+00	
1.1394222576363344e+00	
1.1409029115417701e+00	
1.1423297487720649e+00	
1.1437317658253610e+00	
1.1447367310934327e+00	
1.1459690394945057e+00	
1.1469903091744187e+00	
1.1476682377416842e+00	
1.1486426226252842e+00	
1.1493494625851035e+00	
1.1499251735829259e+00	
1.1505047613076336e+00	
1.1512184614327774e+00	
1.1519460911578796e+00	
1.1527862617389009e+00	
1.1533949185380341e+00	
1.1544338439167516e+00	
1.1553905951304169e+00	
1.1564566945654196e+00	
1.1578851765611813e+00	
1.1592358591877960e+00	
1.1606191668848735e+00	
1.1624224451625544e+00	
1.1644969884597163e+00	
1.1669682863562474e+00	
1.1695692896317782e+00	
1.1724057600293003e+00	
1.1755593621933678e+00	
1.1784907267904150e+00	
1.1819321241380871e+00	
1.1860007258135439e+00	
1.1897882384654073e+00	
1.1939457767750559e+00	
1.1982838110088350e+00	
1.2028578156722789e+00	
1.2072778136102627e+00	
1.2118702681940023e+00	
1.2165361667439210e+00	
1.2210314878890725e+00	
1.2254016819428581e+00	
1.2298091077826718e+00	
1.2336602000001560e+00	
1.2373662673644099e+00	
1.2405079155285612e+00	
1.2436165179305148e+00	
1.2461742290728381e+00	
1.2480213044029727e+00	
1.2495083756392229e+00	
1.2503699158548705e+00	
1.2505003051674188e+00	
1.2502126407166547e+00	
1.2491676411583621e+00	
1.2476538524163374e+00	
1.2451262704542718e+00	
1.2422258796353387e+00	
1.2387313530478647e+00	
1.2344769519188530e+00	
1.2295975801648875e+00	
1.2243915854542113e+00	
1.2182988638002727e+00	
1.2119643502327508e+00	
1.2053915964346842e+00	
1.1979423869688128e+00	
1.1903317604810359e+00	
1.1823113284044819e+00	
1.1738786020627330e+00	
1.1651823537632284e+00	
1.1562387532522451e+00	
1.1468526592026924e+00	
1.1375257313570282e+00	
1.1278112492336387e+00	
1.1179737356358910e+00	
1.1081716428839805e+00	
1.0982323805848757e+00	
1.0879770330036880e+00	
1.0778452838584447e+00	
1.0677170934674143e+00	
1.0573525998252549e+00	
1.0473955818040330e+00	
1.0369109048510785e+00	
1.0267435241480813e+00	
1.0167141391236030e+00	
1.0065726445794221e+00	
9.9655381020971434e-01	
9.8689651648077670e-01	
9.7667568124271897e-01	
9.6705804929218053e-01	
9.5730436634501004e-01	
9.4789450860353586e-01	
9.3839092286832781e-01	
9.2916665059261838e-01	
9.1985801617415031e-01	
9.1078172096757060e-01	
9.0199712206793592e-01	
8.9331066953431493e-01	
8.8455725038311883e-01	
8.7607094772352023e-01	
8.6774285994779810e-01	
8.5945794324053992e-01	
8.5144301193732586e-01	
8.4329665363146922e-01	
8.3538760411760082e-01	
8.2769119253160384e-01	
8.1998996046936357e-01	
8.1221746671597039e-01	
8.0485979832703503e-01	
7.9752016182942054e-01	
7.9023691007560559e-01	
7.8265247699758622e-01	
7.7529678642061772e-01	
7.6794299324315130e-01	
7.6098132733271184e-01	
7.5363710213897328e-01	
7.4624245214358564e-01	
7.3902589087838289e-01	
7.3169869133456111e-01	
7.2437802715410249e-01	
7.1693958512742717e-01	
7.0948243398877908e-01	
7.0199078965474682e-01	
6.9442962339316583e-01	
6.8707253140799474e-01	
6.7937696307820916e-01	
6.7168217874055591e-01	
6.6423983915852047e-01	
6.5674184970209337e-01	
6.4909448062142194e-01	
6.4145974520461435e-01	
6.3401288521703225e-01	
6.2643951818670218e-01	
6.1908642799353730e-01	
6.1174553646834284e-01	
6.0443514555945521e-01	
5.9734202723462726e-01	
5.9018052099861262e-01	
5.8331303080853447e-01	
5.7646165092560420e-01	
5.6995362642864089e-01	
5.6356280882185628e-01	
5.5738951874908171e-01	
5.5132560177572631e-01	
5.4559133062708820e-01	
5.4043494773136602e-01	
5.3515682099918638e-01	
5.3045742883304958e-01	
5.2577863384370971e-01	
5.2171231290234144e-01	
5.1791379536361870e-01	
5.1441660019994229e-01	
5.1160030283176294e-01	
5.0881844283762923e-01	
5.0683365476066855e-01	
5.0533564748358317e-01	
5.0452619009700017e-01	
5.0383624119352133e-01	
5.0367582241457953e-01	
5.0437129662356872e-01	
5.0554071744072859e-01	
5.0756574638342766e-01	
5.1006723693431755e-01	
5.1329835229887699e-01	
5.1733068262084281e-01	
5.2172923231993640e-01	
5.2715623698048253e-01	
5.3314923964070104e-01	
5.3990303522929728e-01	
5.4732028009654232e-01	
5.5541139224335645e-01	
5.6370674560479117e-01	
5.7342767384191151e-01	
5.8322568890844817e-01	
5.9339237734519534e-01	
6.0443920395367345e-01	
6.1580519164555714e-01	
6.2791115858319546e-01	
6.3979588292932077e-01	
6.5253256852039676e-01	
6.6500663778308067e-01	
6.7804882526480037e-01	
6.9116055167532209e-01	
7.0418991756121674e-01	
7.1762923058757411e-01	
7.3097090812589949e-01	
7.4426303280286876e-01	
7.5753350920203744e-01	
7.7057377496423995e-01	
7.8378115276235749e-01	
7.9674150257858944e-01	
8.0946096744743001e-01	
8.2186410490357742e-01	
8.3447577151285257e-01	
8.4634685252071407e-01	
8.5820912609500022e-01	
8.7000237785897039e-01	
8.8107475711742533e-01	
8.9195916526524321e-01	
9.0265924074862758e-01	
9.1310880271414763e-01	
9.2316648611009522e-01	
9.3281792421739251e-01	
9.4223551832509822e-01	
9.5129866616528336e-01	
9.5989780022811866e-01	
9.6813653088863882e-01	
9.7620344340066401e-01	
9.8363522057842756e-01	
9.9092165412373590e-01	
9.9781683300719493e-01	
1.0041126097728452e+00	
1.0103911872892646e+00	
1.0161796943262942e+00	
1.0216173889562574e+00	
1.0265276617693571e+00	
1.0309720216541107e+00	
1.0353892673285210e+00	
1.0392097023200098e+00	
1.0431551586323879e+00	
1.0462773654123600e+00	
1.0492109457025749e+00	
1.0518322740771835e+00	
1.0541117575741221e+00	
1.0560242281806493e+00	
1.0577987016234549e+00	
1.0590244356597078e+00	
1.0604921116259638e+00	
1.0613510771088528e+00	
1.0619599386709666e+00	
1.0623384469975248e+00	
1.0625327455513378e+00	
1.0625661475011572e+00	
1.0623345150895755e+00	
1.0620440713658825e+00	
1.0617470076621971e+00	
1.0608317036082162e+00	
1.0601585362795662e+00	
1.0594977189403922e+00	
1.0586809431127782e+00	
1.0575709715362895e+00	
1.0564379737289205e+00	
1.0555980779234777e+00	
1.0545339399107154e+00	
1.0538030694981906e+00	
1.0528368214030879e+00	
1.0521505165715774e+00	
1.0511918931941691e+00	
1.0506513503805355e+00	
